217 85 2.5
133 297 2.5
25 175 2.5
152 345 2.5
89 72 2.5
152 86 2.5
94 17 2.5
99 7 2.5
1 47 2.5
59 50 2.5
337 194 2.5
59 86 2.5
297 24 2.5
115 51 2.5
30 42 2.5
74 245 2.5
210 152 2.5
80 120 2.5
17 86 2.5
13 415 2.5
75 188 2.5
28 90 2.5
153 76 2.5
149 86 2.5
29 133 2.5
22 88 2.5
22 173 2.5
45 53 2.5
1 25 2.5
415 88 2.5
7 149 2.5
81 25 2.5
416 179 2.5
245 42 2.5
91 172 2.5
231 49 2.5
57 171 2.5
47 141 2.5
187 25 2.5
20 42 2.5
417 173 2.5
145 130 2.5
187 117 2.5
172 1 2.5
42 418 2.5
167 29 2.5
201 8 2.5
15 85 2.5
139 142 2.5
87 419 2.5
22 33 2.5
213 420 2.5
158 78 2.5
187 3 2.5
385 42 2.5
20 125 2.5
185 78 2.5
159 105 2.5
60 51 2.5
90 20 2.5
140 179 2.5
76 42 2.5
126 9 2.5
152 1 2.5
164 40 2.5
1 239 2.5
163 41 2.5
7 42 2.5
417 79 2.5
100 4 2.5
79 167 2.5
171 55 2.5
127 144 2.5
44 20 2.5
416 75 2.5
133 177 2.5
150 131 2.5
196 66 2.5
20 32 2.5
42 115 2.5
20 20 2.5
1 53 2.5
100 43 2.5
25 57 2.5
244 181 2.5
297 159 2.5
52 165 2.5
31 40 2.5
185 1 2.5
207 49 2.5
25 330 2.5
1 62 2.5
89 164 2.5
83 116 2.5
86 54 2.5
32 143 2.5
162 20 2.5
144 79 2.5
95 163 2.5
58 13 2.5
23 34 2.5
78 6 2.5
188 20 2.5
61 2 2.5
100 75 2.5
157 25 2.5
198 5 2.5
21 189 2.5
145 418 2.5
185 1 2.5
12 46 2.5
6 19 2.5
419 156 2.5
86 122 2.5
74 44 2.5
56 122 2.5
69 89 2.5
415 1 2.5
178 77 2.5
22 20 2.5
115 126 2.5
97 6 2.5
1 190 2.5
180 20 2.5
62 196 2.5
332 20 2.5
54 188 2.5
1 64 2.5
57 1 2.5
193 167 2.5
416 41 2.5
142 421 2.5
356 232 2.5
159 2 2.5
57 87 2.5
2 157 2.5
85 1 2.5
22 10 2.5
82 25 2.5
32 421 2.5
70 20 2.5
143 235 2.5
419 95 2.5
74 77 2.5
57 6 2.5
22 52 2.5
44 57 2.5
20 207 2.5
415 93 2.5
59 12 2.5
156 120 2.5
20 46 2.5
89 171 2.5
99 180 2.5
2 179 2.5
86 421 2.5
135 5 2.5
174 7 2.5
201 135 2.5
136 100 2.5
134 178 2.5
1 20 2.5
92 53 2.5
245 156 2.5
73 153 2.5
12 422 2.5
19 61 2.5
78 60 2.5
25 3 2.5
25 190 2.5
152 140 2.5
193 89 2.5
6 416 2.5
85 89 2.5
110 35 2.5
28 201 2.5
68 166 2.5
30 42 2.5
18 130 2.5
128 20 2.5
156 32 2.5
153 135 2.5
66 126 2.5
185 54 2.5
80 141 2.5
95 110 2.5
1 1 2.5
22 185 2.5
9 80 2.5
118 25 2.5
129 156 2.5
2 57 2.5
1 135 2.5
151 194 2.5
154 20 2.5
71 152 2.5
20 31 2.5
111 1 2.5
421 199 2.5
47 75 2.5
19 80 2.5
135 20 2.5
122 41 2.5
163 415 2.5
173 76 2.5
2 415 2.5
245 143 2.5
110 6 2.5
42 415 2.5
139 169 2.5
134 77 2.5
11 20 2.5
15 76 2.5
70 385 2.5
24 20 2.5
20 32 2.5
93 135 2.5
419 140 2.5
94 198 2.5
42 122 2.5
297 50 2.5
187 20 2.5
49 94 2.5
235 97 2.5
78 119 2.5
44 279 2.5
96 6 2.5
42 421 2.5
148 147 2.5
152 145 2.5
42 58 2.5
20 30 2.5
20 1 2.5
100 1 2.5
153 177 2.5
36 19 2.5
22 34 2.5
186 170 2.5
171 20 2.5
418 22 2.5
74 20 2.5
11 80 2.5
24 82 2.5
66 25 2.5
7 189 2.5
166 190 2.5
6 72 2.5
170 42 2.5
43 1 2.5
194 94 2.5
89 6 2.5
396 20 2.5
152 126 2.5
1 77 2.5
60 96 2.5
1 4 2.5
31 297 2.5
423 204 2.5
145 60 2.5
70 199 2.5
76 23 2.5
117 42 2.5
148 138 2.5
169 6 2.5
3 152 2.5
195 194 2.5
169 424 2.5
27 91 2.5
161 23 2.5
415 33 2.5
245 2 2.5
53 1 2.5
164 231 2.5
61 127 2.5
41 22 2.5
171 385 2.5
77 42 2.5
67 1 2.5
5 22 2.5
112 144 2.5
153 210 2.5
201 153 2.5
52 164 2.5
94 196 2.5
158 1 2.5
148 4 2.5
6 198 2.5
416 176 2.5
111 79 2.5
60 130 2.5
71 126 2.5
32 1 2.5
134 33 2.5
140 196 2.5
90 76 2.5
28 221 2.5
297 6 2.5
101 235 2.5
74 6 2.5
112 86 2.5
1 144 2.5
244 181 2.5
76 42 2.5
171 188 2.5
170 22 2.5
159 141 2.5
1 107 2.5
329 37 2.5
66 418 2.5
25 99 2.5
170 120 2.5
76 425 2.5
138 53 2.5
71 8 2.5
1 1 2.5
99 54 2.5
239 42 2.5
98 19 2.5
1 418 2.5
62 169 2.5
42 7 2.5
60 20 2.5
6 393 2.5
101 9 2.5
134 198 2.5
20 166 2.5
76 157 2.5
87 103 2.5
239 20 2.5
163 41 2.5
1 173 2.5
42 418 2.5
18 152 2.5
31 81 2.5
43 4 2.5
172 22 2.5
55 10 2.5
118 73 2.5
2 1 2.5
368 145 2.5
73 20 2.5
1 76 2.5
59 245 2.5
171 107 2.5
23 159 2.5
77 155 2.5
421 100 2.5
25 167 2.5
171 20 2.5
1 426 2.5
67 95 2.5
193 148 2.5
405 427 2.5
206 428 2.5
231 88 2.5
155 145 2.5
32 42 2.5
96 92 2.5
1 15 2.5
93 42 2.5
79 121 2.5
417 2 2.5
89 130 2.5
20 35 2.5
36 25 2.5
20 396 2.5
245 62 2.5
217 170 2.5
14 76 2.5
159 6 2.5
418 89 2.5
11 68 2.5
43 24 2.5
24 190 2.5
72 78 2.5
62 10 2.5
297 156 2.5
71 121 2.5
20 3 2.5
15 32 2.5
200 429 2.5
44 145 2.5
170 42 2.5
419 52 2.5
20 11 2.5
19 149 2.5
30 73 2.5
80 416 2.5
62 143 2.5
82 42 2.5
418 1 2.5
57 129 2.5
198 56 2.5
198 73 2.5
9 190 2.5
22 55 2.5
42 42 2.5
7 1 2.5
13 193 2.5
44 51 2.5
140 76 2.5
57 180 2.5
86 47 2.5
126 149 2.5
285 421 2.5
207 1 2.5
64 158 2.5
419 171 2.5
19 33 2.5
1 81 2.5
139 166 2.5
20 1 2.5
103 239 2.5
11 156 2.5
28 25 2.5
152 26 2.5
220 205 2.5
140 39 2.5
149 6 2.5
52 122 2.5
20 1 2.5
116 385 2.5
101 49 2.5
1 385 2.5
42 51 2.5
132 204 2.5
36 90 2.5
145 145 2.5
87 86 2.5
187 126 2.5
42 148 2.5
158 36 2.5
416 5 2.5
5 59 2.5
297 70 2.5
106 73 2.5
1 152 2.5
103 419 2.5
27 78 2.5
178 86 2.5
87 170 2.5
167 20 2.5
1 76 2.5
170 18 2.5
147 152 2.5
100 22 2.5
145 27 2.5
72 169 2.5
76 76 2.5
11 179 2.5
19 97 2.5
17 66 2.5
63 32 2.5
148 53 2.5
1 42 2.5
44 175 2.5
86 49 2.5
180 46 2.5
76 2 2.5
320 430 2.5
121 149 2.5
51 110 2.5
211 247 2.5
1 245 2.5
20 68 2.5
116 92 2.5
76 139 2.5
418 188 2.5
261 116 2.5
71 60 2.5
207 133 2.5
26 179 2.5
168 28 2.5
77 15 2.5
190 165 2.5
44 196 2.5
271 145 2.5
94 142 2.5
151 329 2.5
297 6 2.5
94 116 2.5
19 42 2.5
1 130 2.5
62 245 2.5
210 83 2.5
42 2 2.5
98 129 2.5
33 419 2.5
207 55 2.5
6 25 2.5
76 235 2.5
25 101 2.5
23 1 2.5
23 161 2.5
175 15 2.5
119 133 2.5
161 91 2.5
180 140 2.5
419 179 2.5
415 107 2.5
35 166 2.5
3 84 2.5
20 152 2.5
161 86 2.5
416 20 2.5
36 179 2.5
431 391 2.5
73 1 2.5
140 174 2.5
152 421 2.5
138 133 2.5
22 297 2.5
1 297 2.5
31 171 2.5
139 74 2.5
20 187 2.5
42 121 2.5
207 50 2.5
99 20 2.5
20 60 2.5
193 168 2.5
40 36 2.5
415 142 2.5
78 297 2.5
92 88 2.5
23 419 2.5
24 245 2.5
432 272 2.5
196 31 2.5
145 8 2.5
92 1 2.5
416 372 2.5
120 117 2.5
100 188 2.5
198 68 2.5
95 1 2.5
70 147 2.5
189 62 2.5
65 161 2.5
116 169 2.5
73 67 2.5
174 140 2.5
247 194 2.5
23 235 2.5
189 163 2.5
61 125 2.5
100 8 2.5
42 157 2.5
130 60 2.5
20 99 2.5
42 152 2.5
20 105 2.5
11 147 2.5
6 20 2.5
69 25 2.5
7 189 2.5
43 31 2.5
89 58 2.5
166 152 2.5
178 421 2.5
105 156 2.5
177 66 2.5
75 188 2.5
176 271 2.5
134 33 2.5
22 95 2.5
93 142 2.5
20 1 2.5
1 118 2.5
188 1 2.5
117 1 2.5
61 180 2.5
19 176 2.5
7 2 2.5
93 7 2.5
76 2 2.5
1 174 2.5
433 385 2.5
42 17 2.5
79 1 2.5
112 42 2.5
164 1 2.5
32 174 2.5
1 245 2.5
116 145 2.5
115 122 2.5
385 126 2.5
20 88 2.5
44 233 2.5
188 179 2.5
6 76 2.5
128 70 2.5
186 421 2.5
46 245 2.5
2 22 2.5
163 74 2.5
235 57 2.5
19 139 2.5
57 144 2.5
133 135 2.5
103 89 2.5
210 163 2.5
415 67 2.5
165 1 2.5
7 105 2.5
20 1 2.5
59 68 2.5
156 78 2.5
152 419 2.5
157 61 2.5
418 157 2.5
77 34 2.5
167 6 2.5
44 139 2.5
258 434 2.5
6 176 2.5
28 144 2.5
76 142 2.5
231 56 2.5
24 152 2.5
110 6 2.5
157 83 2.5
17 1 2.5
52 46 2.5
77 93 2.5
7 42 2.5
117 1 2.5
1 180 2.5
100 26 2.5
159 158 2.5
78 19 2.5
174 7 2.5
171 179 2.5
20 46 2.5
239 142 2.5
385 152 2.5
86 178 2.5
75 24 2.5
13 7 2.5
25 89 2.5
8 152 2.5
78 417 2.5
22 86 2.5
116 1 2.5
79 7 2.5
186 14 2.5
79 217 2.5
116 385 2.5
417 180 2.5
63 48 2.5
415 185 2.5
198 116 2.5
66 33 2.5
57 95 2.5
1 70 2.5
15 20 2.5
4 75 2.5
165 161 2.5
42 81 2.5
199 20 2.5
20 22 2.5
15 86 2.5
155 77 2.5
84 103 2.5
116 77 2.5
1 16 2.5
126 80 2.5
83 159 2.5
75 231 2.5
169 7 2.5
415 75 2.5
1 78 2.5
185 90 2.5
12 435 2.5
85 62 2.5
116 210 2.5
44 25 2.5
20 142 2.5
20 86 2.5
121 1 2.5
239 173 2.5
186 84 2.5
1 20 2.5
297 168 2.5
119 418 2.5
15 21 2.5
28 76 2.5
1 171 2.5
86 2 2.5
22 42 2.5
169 20 2.5
25 51 2.5
21 103 2.5
6 42 2.5
159 13 2.5
77 20 2.5
418 61 2.5
62 297 2.5
167 17 2.5
106 42 2.5
1 44 2.5
20 153 2.5
169 415 2.5
27 172 2.5
100 418 2.5
20 82 2.5
7 14 2.5
122 148 2.5
436 20 2.5
100 25 2.5
220 421 2.5
1 186 2.5
14 185 2.5
20 176 2.5
61 186 2.5
417 169 2.5
70 42 2.5
133 1 2.5
195 288 2.5
345 154 2.5
45 418 2.5
100 97 2.5
385 297 2.5
7 46 2.5
23 13 2.5
239 42 2.5
156 92 2.5
200 413 2.5
7 76 2.5
231 94 2.5
152 154 2.5
134 169 2.5
72 46 2.5
112 20 2.5
1 11 2.5
6 1 2.5
1 140 2.5
1 389 2.5
22 122 2.5
5 83 2.5
44 44 2.5
56 28 2.5
82 62 2.5
417 20 2.5
51 148 2.5
77 7 2.5
57 122 2.5
157 148 2.5
71 385 2.5
93 83 2.5
44 76 2.5
50 40 2.5
42 118 2.5
185 80 2.5
173 89 2.5
79 185 2.5
92 115 2.5
145 10 2.5
28 157 2.5
82 20 2.5
45 11 2.5
148 8 2.5
41 135 2.5
187 201 2.5
10 166 2.5
169 421 2.5
170 207 2.5
6 40 2.5
164 76 2.5
86 1 2.5
10 50 2.5
102 110 2.5
20 24 2.5
22 22 2.5
42 44 2.5
4 110 2.5
125 121 2.5
162 20 2.5
154 67 2.5
6 75 2.5
95 152 2.5
97 20 2.5
75 129 2.5
86 55 2.5
23 5 2.5
94 149 2.5
152 180 2.5
1 272 2.5
187 23 2.5
279 20 2.5
112 145 2.5
35 148 2.5
152 173 2.5
90 162 2.5
179 22 2.5
134 20 2.5
73 47 2.5
44 122 2.5
20 73 2.5
20 64 2.5
2 42 2.5
110 185 2.5
6 107 2.5
67 1 2.5
54 133 2.5
64 24 2.5
45 84 2.5
155 20 2.5
297 23 2.5
20 1 2.5
13 81 2.5
52 24 2.5
57 77 2.5
33 1 2.5
95 152 2.5
97 162 2.5
68 86 2.5
18 20 2.5
180 49 2.5
22 235 2.5
163 23 2.5
25 20 2.5
417 28 2.5
243 437 2.5
175 143 2.5
77 85 2.5
20 20 2.5
118 190 2.5
165 161 2.5
140 1 2.5
152 186 2.5
118 75 2.5
201 20 2.5
23 42 2.5
417 39 2.5
174 71 2.5
13 22 2.5
130 116 2.5
76 173 2.5
75 48 2.5
5 45 2.5
14 179 2.5
199 106 2.5
177 125 2.5
144 102 2.5
96 31 2.5
297 135 2.5
6 96 2.5
72 94 2.5
297 173 2.5
231 178 2.5
156 20 2.5
19 20 2.5
173 20 2.5
98 140 2.5
171 213 2.5
201 64 2.5
149 139 2.5
141 172 2.5
84 172 2.5
86 76 2.5
158 199 2.5
213 1 2.5
98 81 2.5
77 152 2.5
7 103 2.5
118 23 2.5
111 6 2.5
144 11 2.5
89 26 2.5
421 235 2.5
7 53 2.5
17 419 2.5
39 14 2.5
20 89 2.5
207 20 2.5
81 2 2.5
139 190 2.5
36 7 2.5
43 417 2.5
297 15 2.5
157 42 2.5
143 1 2.5
1 136 2.5
62 42 2.5
145 86 2.5
86 110 2.5
61 187 2.5
419 14 2.5
25 82 2.5
385 20 2.5
190 39 2.5
155 154 2.5
177 210 2.5
35 24 2.5
97 174 2.5
127 43 2.5
198 63 2.5
29 35 2.5
139 97 2.5
201 174 2.5
82 20 2.5
196 20 2.5
14 20 2.5
68 35 2.5
35 88 2.5
417 178 2.5
1 15 2.5
116 154 2.5
41 42 2.5
85 99 2.5
116 28 2.5
419 231 2.5
42 49 2.5
102 4 2.5
40 111 2.5
11 54 2.5
60 5 2.5
157 20 2.5
187 44 2.5
134 188 2.5
44 297 2.5
1 65 2.5
20 28 2.5
61 103 2.5
245 80 2.5
24 27 2.5
198 42 2.5
20 210 2.5
166 8 2.5
145 95 2.5
27 415 2.5
2 128 2.5
25 20 2.5
416 138 2.5
55 170 2.5
184 186 2.5
1 15 2.5
87 6 2.5
20 179 2.5
176 166 2.5
184 7 2.5
73 189 2.5
7 39 2.5
135 3 2.5
152 22 2.5
51 85 2.5
199 121 2.5
20 82 2.5
6 180 2.5
1 28 2.5
14 1 2.5
20 139 2.5
417 178 2.5
7 138 2.5
49 1 2.5
1 6 2.5
44 128 2.5
187 1 2.5
20 385 2.5
395 42 2.5
26 74 2.5
199 42 2.5
20 35 2.5
333 213 2.5
142 20 2.5
13 199 2.5
43 36 2.5
76 1 2.5
119 33 2.5
42 171 2.5
438 86 2.5
22 20 2.5
73 188 2.5
247 182 2.5
100 96 2.5
135 415 2.5
11 74 2.5
62 418 2.5
117 176 2.5
63 148 2.5
245 30 2.5
140 70 2.5
93 73 2.5
199 42 2.5
102 74 2.5
45 164 2.5
86 110 2.5
419 158 2.5
184 135 2.5
54 297 2.5
116 28 2.5
159 5 2.5
1 48 2.5
198 187 2.5
87 245 2.5
190 198 2.5
49 50 2.5
97 56 2.5
7 213 2.5
82 20 2.5
42 58 2.5
101 20 2.5
1 177 2.5
118 158 2.5
97 8 2.5
1 126 2.5
56 152 2.5
186 152 2.5
112 44 2.5
415 20 2.5
147 20 2.5
208 312 2.5
419 175 2.5
235 69 2.5
111 152 2.5
44 187 2.5
184 47 2.5
415 439 2.5
98 42 2.5
48 419 2.5
235 4 2.5
385 57 2.5
102 19 2.5
385 7 2.5
95 62 2.5
77 100 2.5
1 172 2.5
116 166 2.5
245 2 2.5
245 34 2.5
440 441 2.5
63 1 2.5
2 25 2.5
417 20 2.5
28 115 2.5
118 128 2.5
67 418 2.5
1 1 2.5
7 152 2.5
121 62 2.5
189 25 2.5
38 249 2.5
180 398 2.5
103 34 2.5
260 215 2.5
20 139 2.5
27 21 2.5
111 164 2.5
49 15 2.5
416 22 2.5
1 1 2.5
418 135 2.5
58 51 2.5
57 88 2.5
171 157 2.5
46 84 2.5
23 22 2.5
76 67 2.5
51 6 2.5
3 77 2.5
22 28 2.5
84 30 2.5
159 53 2.5
149 210 2.5
91 45 2.5
91 3 2.5
421 83 2.5
20 42 2.5
66 245 2.5
95 102 2.5
168 198 2.5
42 86 2.5
3 72 2.5
240 210 2.5
97 149 2.5
45 22 2.5
156 24 2.5
6 35 2.5
20 207 2.5
201 76 2.5
8 421 2.5
8 173 2.5
20 48 2.5
256 49 2.5
417 117 2.5
7 239 2.5
24 142 2.5
44 153 2.5
419 6 2.5
58 78 2.5
442 433 2.5
165 70 2.5
245 20 2.5
199 106 2.5
417 1 2.5
82 199 2.5
49 42 2.5
68 198 2.5
443 42 2.5
421 155 2.5
73 201 2.5
30 6 2.5
119 42 2.5
201 3 2.5
157 121 2.5
297 6 2.5
25 415 2.5
1 3 2.5
69 81 2.5
1 50 2.5
20 1 2.5
28 107 2.5
63 144 2.5
22 139 2.5
134 34 2.5
77 162 2.5
23 161 2.5
44 53 2.5
190 62 2.5
444 200 2.5
10 385 2.5
22 18 2.5
58 46 2.5
24 80 2.5
419 26 2.5
72 117 2.5
34 78 2.5
200 415 2.5
6 156 2.5
235 4 2.5
201 64 2.5
199 99 2.5
100 7 2.5
19 415 2.5
235 52 2.5
102 145 2.5
56 153 2.5
121 86 2.5
86 54 2.5
16 129 2.5
156 61 2.5
1 40 2.5
154 13 2.5
101 42 2.5
225 372 2.5
133 1 2.5
46 34 2.5
339 28 2.5
57 139 2.5
40 415 2.5
62 43 2.5
433 180 2.5
36 39 2.5
210 258 2.5
70 418 2.5
5 103 2.5
31 385 2.5
42 76 2.5
58 11 2.5
154 92 2.5
81 210 2.5
40 17 2.5
82 45 2.5
59 6 2.5
1 178 2.5
77 128 2.5
56 18 2.5
18 71 2.5
1 201 2.5
86 217 2.5
7 80 2.5
6 385 2.5
42 32 2.5
18 198 2.5
40 13 2.5
1 86 2.5
7 421 2.5
125 189 2.5
16 417 2.5
30 145 2.5
57 179 2.5
81 42 2.5
168 163 2.5
22 154 2.5
42 44 2.5
179 36 2.5
42 135 2.5
445 20 2.5
20 49 2.5
61 147 2.5
169 13 2.5
419 22 2.5
207 2 2.5
44 20 2.5
116 20 2.5
194 204 2.5
56 53 2.5
142 152 2.5
135 5 2.5
27 193 2.5
156 21 2.5
165 1 2.5
33 1 2.5
174 20 2.5
1 22 2.5
186 79 2.5
20 78 2.5
64 28 2.5
36 73 2.5
20 297 2.5
2 136 2.5
164 19 2.5
177 129 2.5
89 143 2.5
1 187 2.5
70 32 2.5
153 35 2.5
23 42 2.5
51 29 2.5
14 42 2.5
159 110 2.5
148 164 2.5
385 415 2.5
142 129 2.5
23 1 2.5
73 179 2.5
125 210 2.5
60 57 2.5
127 20 2.5
64 158 2.5
235 187 2.5
235 2 2.5
417 89 2.5
154 11 2.5
164 297 2.5
20 107 2.5
100 178 2.5
42 78 2.5
57 64 2.5
77 62 2.5
42 174 2.5
418 85 2.5
169 65 2.5
90 96 2.5
116 152 2.5
15 1 2.5
144 13 2.5
35 20 2.5
55 20 2.5
107 85 2.5
247 194 2.5
36 49 2.5
168 152 2.5
156 66 2.5
34 176 2.5
130 20 2.5
165 42 2.5
105 187 2.5
421 182 2.5
59 167 2.5
179 143 2.5
22 311 2.5
240 204 2.5
20 188 2.5
185 87 2.5
89 44 2.5
19 128 2.5
28 1 2.5
34 102 2.5
1 116 2.5
10 171 2.5
95 27 2.5
68 117 2.5
158 17 2.5
240 191 2.5
95 297 2.5
75 47 2.5
134 138 2.5
24 15 2.5
20 158 2.5
1 50 2.5
122 20 2.5
41 207 2.5
217 13 2.5
86 77 2.5
28 185 2.5
88 42 2.5
75 51 2.5
25 235 2.5
56 185 2.5
76 446 2.5
1 121 2.5
231 85 2.5
19 102 2.5
59 11 2.5
1 196 2.5
70 67 2.5
140 95 2.5
419 152 2.5
145 417 2.5
42 135 2.5
103 297 2.5
184 196 2.5
135 140 2.5
51 416 2.5
25 28 2.5
156 93 2.5
8 156 2.5
86 201 2.5
45 385 2.5
44 94 2.5
57 128 2.5
172 70 2.5
20 31 2.5
27 1 2.5
81 1 2.5
63 89 2.5
3 76 2.5
184 61 2.5
85 138 2.5
170 385 2.5
20 50 2.5
22 152 2.5
139 33 2.5
110 6 2.5
20 17 2.5
25 66 2.5
1 105 2.5
148 239 2.5
1 34 2.5
111 1 2.5
156 20 2.5
121 198 2.5
117 20 2.5
22 187 2.5
82 25 2.5
42 17 2.5
180 385 2.5
26 130 2.5
126 39 2.5
157 385 2.5
418 159 2.5
22 103 2.5
105 1 2.5
81 71 2.5
1 235 2.5
396 211 2.5
418 6 2.5
101 20 2.5
280 244 2.5
193 83 2.5
11 245 2.5
284 447 2.5
45 26 2.5
180 418 2.5
145 36 2.5
141 416 2.5
2 30 2.5
162 135 2.5
159 20 2.5
185 25 2.5
120 6 2.5
88 159 2.5
134 10 2.5
46 82 2.5
448 1 2.5
7 297 2.5
8 421 2.5
128 102 2.5
156 18 2.5
29 133 2.5
72 153 2.5
32 235 2.5
207 75 2.5
62 142 2.5
42 12 2.5
186 1 2.5
28 20 2.5
112 88 2.5
20 157 2.5
22 61 2.5
11 6 2.5
86 112 2.5
1 15 2.5
78 59 2.5
149 49 2.5
145 102 2.5
415 1 2.5
28 19 2.5
1 415 2.5
33 55 2.5
143 22 2.5
23 41 2.5
74 169 2.5
178 6 2.5
176 1 2.5
125 4 2.5
16 1 2.5
159 59 2.5
384 344 2.5
49 128 2.5
86 167 2.5
418 155 2.5
138 15 2.5
217 116 2.5
121 145 2.5
32 78 2.5
156 170 2.5
210 32 2.5
121 11 2.5
42 9 2.5
25 99 2.5
1 62 2.5
20 171 2.5
210 20 2.5
419 6 2.5
385 40 2.5
179 60 2.5
165 72 2.5
158 145 2.5
1 449 2.5
7 87 2.5
153 155 2.5
119 176 2.5
20 42 2.5
144 4 2.5
42 99 2.5
83 145 2.5
450 279 2.5
143 86 2.5
268 25 2.5
20 112 2.5
130 90 2.5
80 6 2.5
190 156 2.5
175 23 2.5
421 73 2.5
119 95 2.5
120 170 2.5
118 153 2.5
42 42 2.5
85 385 2.5
147 168 2.5
162 20 2.5
147 42 2.5
451 215 2.5
112 24 2.5
42 365 2.5
17 13 2.5
25 165 2.5
421 143 2.5
74 12 2.5
6 4 2.5
153 62 2.5
89 201 2.5
52 175 2.5
25 20 2.5
7 147 2.5
157 8 2.5
163 184 2.5
198 116 2.5
201 196 2.5
195 258 2.5
157 106 2.5
57 271 2.5
68 94 2.5
8 24 2.5
69 6 2.5
24 139 2.5
116 158 2.5
158 416 2.5
7 20 2.5
84 82 2.5
93 42 2.5
24 180 2.5
1 70 2.5
36 1 2.5
70 19 2.5
12 1 2.5
26 36 2.5
117 20 2.5
22 385 2.5
18 1 2.5
245 82 2.5
20 186 2.5
121 7 2.5
3 167 2.5
87 385 2.5
421 175 2.5
189 70 2.5
133 19 2.5
239 110 2.5
32 20 2.5
7 57 2.5
231 385 2.5
24 42 2.5
139 239 2.5
50 28 2.5
143 162 2.5
3 70 2.5
31 100 2.5
153 22 2.5
111 1 2.5
143 23 2.5
79 196 2.5
297 157 2.5
95 42 2.5
32 92 2.5
172 188 2.5
42 140 2.5
25 7 2.5
34 42 2.5
294 452 2.5
166 1 2.5
115 34 2.5
4 54 2.5
120 127 2.5
229 284 2.5
235 98 2.5
60 75 2.5
129 50 2.5
165 28 2.5
145 22 2.5
84 417 2.5
166 186 2.5
57 189 2.5
359 311 2.5
58 60 2.5
164 24 2.5
179 22 2.5
147 145 2.5
184 72 2.5
25 75 2.5
421 30 2.5
20 153 2.5
42 421 2.5
42 1 2.5
107 152 2.5
91 141 2.5
25 6 2.5
42 289 2.5
265 225 2.5
11 76 2.5
210 6 2.5
77 25 2.5
120 84 2.5
48 94 2.5
86 1 2.5
60 107 2.5
84 54 2.5
20 86 2.5
134 42 2.5
231 297 2.5
112 105 2.5
1 148 2.5
57 73 2.5
201 20 2.5
297 184 2.5
112 121 2.5
421 205 2.5
57 120 2.5
140 24 2.5
70 41 2.5
20 145 2.5
199 43 2.5
23 28 2.5
415 15 2.5
42 101 2.5
58 140 2.5
135 418 2.5
22 67 2.5
105 36 2.5
18 193 2.5
23 385 2.5
66 187 2.5
1 59 2.5
20 297 2.5
11 190 2.5
2 3 2.5
20 152 2.5
73 199 2.5
96 163 2.5
20 43 2.5
97 67 2.5
1 421 2.5
73 188 2.5
32 80 2.5
206 28 2.5
115 156 2.5
135 91 2.5
88 188 2.5
453 116 2.5
84 19 2.5
86 70 2.5
1 7 2.5
25 198 2.5
50 61 2.5
149 39 2.5
36 97 2.5
177 169 2.5
48 29 2.5
258 421 2.5
172 57 2.5
385 178 2.5
76 36 2.5
94 193 2.5
75 54 2.5
20 43 2.5
7 42 2.5
1 20 2.5
169 58 2.5
20 56 2.5
21 24 2.5
20 95 2.5
20 25 2.5
5 20 2.5
172 18 2.5
50 139 2.5
125 178 2.5
159 73 2.5
158 88 2.5
149 71 2.5
20 6 2.5
84 83 2.5
52 145 2.5
102 199 2.5
174 145 2.5
177 92 2.5
297 231 2.5
89 179 2.5
171 102 2.5
217 166 2.5
418 127 2.5
24 1 2.5
288 263 2.5
20 51 2.5
86 61 2.5
12 94 2.5
22 28 2.5
421 20 2.5
415 20 2.5
2 28 2.5
152 139 2.5
69 117 2.5
417 20 2.5
174 4 2.5
87 42 2.5
165 78 2.5
198 297 2.5
76 385 2.5
117 42 2.5
65 47 2.5
152 57 2.5
178 1 2.5
184 1 2.5
85 210 2.5
422 7 2.5
20 133 2.5
57 79 2.5
50 86 2.5
417 42 2.5
57 68 2.5
88 22 2.5
13 167 2.5
2 22 2.5
45 93 2.5
5 247 2.5
5 135 2.5
239 417 2.5
198 42 2.5
101 25 2.5
28 55 2.5
54 92 2.5
148 58 2.5
12 127 2.5
194 211 2.5
119 89 2.5
6 20 2.5
6 12 2.5
121 127 2.5
36 22 2.5
54 153 2.5
24 138 2.5
33 47 2.5
111 24 2.5
21 127 2.5
44 147 2.5
122 156 2.5
1 166 2.5
196 7 2.5
22 102 2.5
20 7 2.5
79 89 2.5
119 81 2.5
11 145 2.5
152 417 2.5
80 419 2.5
419 297 2.5
66 30 2.5
91 245 2.5
418 4 2.5
62 63 2.5
169 25 2.5
347 182 2.5
116 15 2.5
1 385 2.5
170 69 2.5
171 42 2.5
2 91 2.5
417 235 2.5
8 17 2.5
80 22 2.5
419 158 2.5
1 20 2.5
17 139 2.5
54 20 2.5
265 200 2.5
235 6 2.5
89 185 2.5
20 44 2.5
20 135 2.5
42 145 2.5
1 97 2.5
164 106 2.5
454 116 2.5
40 196 2.5
231 385 2.5
151 194 2.5
159 56 2.5
44 173 2.5
1 92 2.5
1 96 2.5
122 127 2.5
95 97 2.5
52 64 2.5
179 1 2.5
20 6 2.5
6 22 2.5
199 80 2.5
231 45 2.5
160 57 2.5
133 30 2.5
145 14 2.5
21 52 2.5
24 171 2.5
54 126 2.5
44 154 2.5
173 149 2.5
80 21 2.5
78 47 2.5
29 350 2.5
134 53 2.5
297 128 2.5
4 149 2.5
161 156 2.5
89 245 2.5
140 455 2.5
139 114 2.5
6 1 2.5
112 245 2.5
159 297 2.5
20 12 2.5
1 421 2.5
1 105 2.5
69 167 2.5
175 43 2.5
81 158 2.5
210 59 2.5
42 57 2.5
87 5 2.5
155 23 2.5
163 84 2.5
96 189 2.5
99 157 2.5
14 185 2.5
259 244 2.5
106 169 2.5
263 192 2.5
20 144 2.5
15 24 2.5
22 42 2.5
89 42 2.5
1 89 2.5
152 443 2.5
205 131 2.5
5 46 2.5
43 100 2.5
417 170 2.5
71 19 2.5
42 152 2.5
419 13 2.5
364 42 2.5
20 456 2.5
421 42 2.5
56 20 2.5
59 142 2.5
297 90 2.5
42 83 2.5
1 24 2.5
457 204 2.5
120 6 2.5
193 1 2.5
207 42 2.5
153 175 2.5
211 150 2.5
134 12 2.5
217 180 2.5
175 20 2.5
217 106 2.5
71 166 2.5
105 60 2.5
22 176 2.5
145 77 2.5
42 96 2.5
42 24 2.5
180 196 2.5
458 345 2.5
88 111 2.5
26 179 2.5
415 164 2.5
20 171 2.5
57 66 2.5
25 42 2.5
1 22 2.5
121 1 2.5
77 7 2.5
263 94 2.5
7 60 2.5
94 23 2.5
57 196 2.5
175 106 2.5
193 86 2.5
22 5 2.5
459 374 2.5
136 57 2.5
24 77 2.5
86 100 2.5
1 149 2.5
90 11 2.5
117 29 2.5
1 174 2.5
118 55 2.5
42 172 2.5
66 7 2.5
76 21 2.5
116 139 2.5
7 213 2.5
42 53 2.5
1 20 2.5
12 9 2.5
3 60 2.5
20 19 2.5
128 83 2.5
152 144 2.5
70 169 2.5
55 118 2.5
77 156 2.5
57 24 2.5
128 140 2.5
45 20 2.5
152 20 2.5
460 145 2.5
229 7 2.5
85 152 2.5
179 41 2.5
139 57 2.5
42 370 2.5
87 20 2.5
110 17 2.5
416 177 2.5
33 169 2.5
147 12 2.5
44 1 2.5
21 140 2.5
158 18 2.5
129 417 2.5
158 161 2.5
25 62 2.5
140 2 2.5
79 75 2.5
1 1 2.5
5 30 2.5
23 421 2.5
6 35 2.5
129 140 2.5
416 112 2.5
152 330 2.5
28 112 2.5
6 28 2.5
45 245 2.5
84 19 2.5
20 73 2.5
174 415 2.5
239 187 2.5
199 105 2.5
421 288 2.5
62 20 2.5
174 79 2.5
148 21 2.5
419 89 2.5
385 164 2.5
116 27 2.5
20 144 2.5
167 39 2.5
139 20 2.5
59 186 2.5
77 235 2.5
1 20 2.5
22 189 2.5
24 39 2.5
6 152 2.5
42 1 2.5
148 63 2.5
66 87 2.5
19 417 2.5
1 76 2.5
22 116 2.5
1 115 2.5
20 34 2.5
135 4 2.5
11 55 2.5
86 48 2.5
97 190 2.5
1 91 2.5
1 231 2.5
6 6 2.5
2 1 2.5
107 157 2.5
78 20 2.5
85 59 2.5
162 22 2.5
23 77 2.5
115 112 2.5
120 135 2.5
417 20 2.5
415 139 2.5
28 42 2.5
311 147 2.5
1 1 2.5
69 6 2.5
20 47 2.5
270 77 2.5
20 36 2.5
148 66 2.5
20 42 2.5
18 76 2.5
245 35 2.5
1 100 2.5
66 69 2.5
260 300 2.5
418 155 2.5
6 193 2.5
418 6 2.5
130 133 2.5
418 3 2.5
162 245 2.5
235 175 2.5
167 157 2.5
105 153 2.5
29 89 2.5
3 144 2.5
178 128 2.5
152 42 2.5
42 161 2.5
98 5 2.5
16 235 2.5
2 418 2.5
44 20 2.5
418 86 2.5
1 2 2.5
231 25 2.5
76 14 2.5
419 71 2.5
150 38 2.5
42 57 2.5
122 152 2.5
177 418 2.5
86 42 2.5
90 20 2.5
2 149 2.5
25 421 2.5
5 40 2.5
149 1 2.5
25 42 2.5
145 173 2.5
174 1 2.5
89 82 2.5
116 418 2.5
112 2 2.5
196 421 2.5
14 20 2.5
76 421 2.5
82 231 2.5
41 8 2.5
79 95 2.5
57 1 2.5
189 42 2.5
57 96 2.5
88 26 2.5
156 415 2.5
62 189 2.5
161 147 2.5
1 187 2.5
134 245 2.5
187 4 2.5
1 102 2.5
42 139 2.5
116 57 2.5
43 187 2.5
128 76 2.5
187 83 2.5
185 100 2.5
155 20 2.5
390 206 2.5
42 175 2.5
119 201 2.5
75 20 2.5
6 6 2.5
42 297 2.5
133 418 2.5
49 7 2.5
226 244 2.5
7 1 2.5
44 172 2.5
115 42 2.5
11 158 2.5
17 143 2.5
116 6 2.5
210 20 2.5
152 69 2.5
134 116 2.5
23 6 2.5
3 80 2.5
217 76 2.5
42 115 2.5
421 93 2.5
145 42 2.5
98 20 2.5
50 190 2.5
147 7 2.5
41 42 2.5
61 76 2.5
12 143 2.5
69 68 2.5
120 65 2.5
189 1 2.5
461 152 2.5
169 77 2.5
180 462 2.5
89 87 2.5
103 1 2.5
20 88 2.5
97 66 2.5
415 56 2.5
177 1 2.5
42 64 2.5
38 191 2.5
135 43 2.5
71 170 2.5
171 51 2.5
463 171 2.5
24 122 2.5
69 139 2.5
155 20 2.5
135 418 2.5
416 6 2.5
9 15 2.5
70 416 2.5
385 24 2.5
15 51 2.5
245 70 2.5
152 42 2.5
166 198 2.5
116 89 2.5
42 198 2.5
67 196 2.5
157 68 2.5
63 54 2.5
100 20 2.5
142 22 2.5
152 167 2.5
21 31 2.5
22 55 2.5
27 74 2.5
418 95 2.5
122 77 2.5
85 62 2.5
200 158 2.5
15 279 2.5
174 143 2.5
235 88 2.5
1 172 2.5
462 352 2.5
20 44 2.5
42 20 2.5
20 7 2.5
419 57 2.5
163 184 2.5
418 167 2.5
31 110 2.5
421 3 2.5
24 297 2.5
198 1 2.5
180 126 2.5
418 20 2.5
25 15 2.5
347 94 2.5
201 168 2.5
43 26 2.5
186 49 2.5
50 143 2.5
1 20 2.5
64 36 2.5
90 48 2.5
23 82 2.5
385 190 2.5
185 149 2.5
134 416 2.5
1 174 2.5
177 78 2.5
75 2 2.5
86 417 2.5
114 22 2.5
68 90 2.5
98 161 2.5
32 18 2.5
35 42 2.5
110 167 2.5
28 421 2.5
171 196 2.5
1 17 2.5
145 5 2.5
1 20 2.5
72 77 2.5
27 165 2.5
20 166 2.5
66 199 2.5
67 185 2.5
1 6 2.5
85 110 2.5
147 418 2.5
20 5 2.5
158 99 2.5
80 20 2.5
152 158 2.5
3 5 2.5
79 116 2.5
20 441 2.5
297 8 2.5
415 91 2.5
116 121 2.5
24 74 2.5
1 311 2.5
10 6 2.5
188 415 2.5
139 52 2.5
24 19 2.5
129 177 2.5
171 122 2.5
259 337 2.5
147 41 2.5
142 83 2.5
103 73 2.5
86 86 2.5
421 1 2.5
94 1 2.5
11 239 2.5
19 172 2.5
83 185 2.5
14 217 2.5
1 34 2.5
103 161 2.5
152 1 2.5
168 14 2.5
28 106 2.5
44 11 2.5
370 273 2.5
91 416 2.5
57 42 2.5
20 243 2.5
20 184 2.5
157 421 2.5
78 93 2.5
156 119 2.5
245 22 2.5
127 207 2.5
1 186 2.5
199 385 2.5
152 106 2.5
24 97 2.5
25 86 2.5
421 7 2.5
74 171 2.5
157 158 2.5
20 178 2.5
196 156 2.5
230 211 2.5
20 12 2.5
48 29 2.5
17 40 2.5
52 19 2.5
39 35 2.5
74 42 2.5
116 82 2.5
73 159 2.5
70 86 2.5
12 145 2.5
61 60 2.5
72 129 2.5
6 116 2.5
361 37 2.5
87 85 2.5
244 361 2.5
70 14 2.5
53 59 2.5
199 57 2.5
125 174 2.5
415 176 2.5
78 1 2.5
69 85 2.5
421 102 2.5
20 42 2.5
27 76 2.5
28 96 2.5
64 158 2.5
7 48 2.5
57 112 2.5
77 2 2.5
144 70 2.5
25 20 2.5
11 235 2.5
207 54 2.5
141 85 2.5
115 173 2.5
22 57 2.5
10 20 2.5
136 13 2.5
385 1 2.5
69 128 2.5
464 152 2.5
117 239 2.5
196 20 2.5
152 385 2.5
46 59 2.5
201 4 2.5
134 7 2.5
106 128 2.5
25 320 2.5
186 1 2.5
41 2 2.5
120 17 2.5
152 40 2.5
417 105 2.5
419 44 2.5
23 74 2.5
5 74 2.5
185 171 2.5
3 70 2.5
19 30 2.5
20 217 2.5
172 13 2.5
465 145 2.5
186 11 2.5
1 415 2.5
152 213 2.5
61 88 2.5
280 5 2.5
43 20 2.5
126 187 2.5
25 70 2.5
20 11 2.5
193 22 2.5
63 167 2.5
50 1 2.5
352 466 2.5
25 21 2.5
149 415 2.5
99 88 2.5
141 1 2.5
7 158 2.5
65 245 2.5
74 231 2.5
20 1 2.5
105 40 2.5
198 467 2.5
235 89 2.5
130 119 2.5
22 468 2.5
418 21 2.5
159 210 2.5
145 1 2.5
20 136 2.5
86 129 2.5
60 152 2.5
298 38 2.5
2 60 2.5
111 207 2.5
1 42 2.5
86 64 2.5
33 245 2.5
58 42 2.5
134 152 2.5
153 415 2.5
128 385 2.5
1 2 2.5
52 90 2.5
47 175 2.5
24 129 2.5
1 418 2.5
22 119 2.5
1 417 2.5
417 239 2.5
28 136 2.5
44 57 2.5
421 126 2.5
57 176 2.5
59 129 2.5
11 417 2.5
6 75 2.5
62 385 2.5
145 136 2.5
2 14 2.5
140 28 2.5
100 8 2.5
4 187 2.5
3 11 2.5
24 86 2.5
22 20 2.5
415 148 2.5
163 119 2.5
1 96 2.5
86 3 2.5
416 22 2.5
162 180 2.5
76 22 2.5
96 6 2.5
21 110 2.5
42 200 2.5
73 417 2.5
34 147 2.5
79 88 2.5
152 76 2.5
417 42 2.5
84 144 2.5
42 1 2.5
15 291 2.5
27 26 2.5
18 64 2.5
174 25 2.5
10 417 2.5
97 99 2.5
6 469 2.5
73 33 2.5
26 139 2.5
75 42 2.5
57 61 2.5
107 1 2.5
131 226 2.5
70 188 2.5
168 140 2.5
165 156 2.5
22 7 2.5
44 20 2.5
200 44 2.5
235 59 2.5
145 153 2.5
141 10 2.5
159 180 2.5
152 158 2.5
89 11 2.5
385 20 2.5
1 185 2.5
297 144 2.5
20 20 2.5
341 84 2.5
101 21 2.5
61 470 2.5
54 20 2.5
18 141 2.5
147 42 2.5
416 121 2.5
31 67 2.5
19 419 2.5
152 144 2.5
106 125 2.5
72 2 2.5
418 55 2.5
72 43 2.5
8 417 2.5
19 416 2.5
140 169 2.5
13 33 2.5
149 152 2.5
127 162 2.5
22 245 2.5
89 69 2.5
20 53 2.5
6 90 2.5
65 6 2.5
148 63 2.5
28 145 2.5
77 417 2.5
419 1 2.5
180 86 2.5
421 94 2.5
121 64 2.5
20 135 2.5
22 140 2.5
1 145 2.5
15 116 2.5
1 155 2.5
26 69 2.5
1 22 2.5
158 198 2.5
98 156 2.5
28 152 2.5
418 42 2.5
199 84 2.5
1 22 2.5
82 471 2.5
247 132 2.5
6 106 2.5
361 194 2.5
179 100 2.5
216 472 2.5
161 199 2.5
48 15 2.5
19 80 2.5
44 2 2.5
65 86 2.5
179 107 2.5
11 112 2.5
71 171 2.5
135 157 2.5
23 125 2.5
22 176 2.5
20 142 2.5
11 152 2.5
418 63 2.5
41 25 2.5
162 1 2.5
76 44 2.5
112 42 2.5
70 73 2.5
76 100 2.5
20 46 2.5
148 56 2.5
11 12 2.5
139 25 2.5
20 84 2.5
63 161 2.5
44 42 2.5
423 42 2.5
42 235 2.5
382 260 2.5
133 75 2.5
185 63 2.5
207 167 2.5
96 42 2.5
74 297 2.5
258 434 2.5
159 152 2.5
57 418 2.5
2 1 2.5
115 48 2.5
42 25 2.5
107 57 2.5
20 44 2.5
25 332 2.5
177 57 2.5
13 88 2.5
13 57 2.5
165 8 2.5
145 245 2.5
112 6 2.5
174 25 2.5
87 186 2.5
61 51 2.5
58 76 2.5
54 105 2.5
145 4 2.5
57 198 2.5
325 6 2.5
190 176 2.5
1 11 2.5
421 22 2.5
235 207 2.5
145 206 2.5
51 57 2.5
164 418 2.5
111 127 2.5
103 46 2.5
87 40 2.5
42 68 2.5
159 193 2.5
20 429 2.5
421 356 2.5
57 57 2.5
1 418 2.5
138 39 2.5
179 14 2.5
1 169 2.5
419 20 2.5
42 473 2.5
45 135 2.5
20 130 2.5
153 385 2.5
130 140 2.5
140 116 2.5
1 3 2.5
189 34 2.5
118 87 2.5
42 19 2.5
23 25 2.5
1 56 2.5
130 117 2.5
73 419 2.5
20 62 2.5
56 167 2.5
54 152 2.5
64 117 2.5
179 156 2.5
20 14 2.5
193 14 2.5
33 67 2.5
42 99 2.5
186 6 2.5
179 65 2.5
89 421 2.5
89 415 2.5
158 176 2.5
98 7 2.5
217 76 2.5
101 419 2.5
87 165 2.5
34 156 2.5
184 28 2.5
128 19 2.5
28 57 2.5
115 127 2.5
145 57 2.5
117 6 2.5
111 83 2.5
1 107 2.5
1 65 2.5
6 57 2.5
147 57 2.5
63 1 2.5
166 162 2.5
53 88 2.5
107 2 2.5
180 7 2.5
417 22 2.5
90 16 2.5
99 49 2.5
25 116 2.5
417 419 2.5
156 174 2.5
173 418 2.5
86 48 2.5
29 179 2.5
1 188 2.5
6 415 2.5
20 77 2.5
57 44 2.5
147 385 2.5
20 87 2.5
62 415 2.5
423 213 2.5
235 152 2.5
161 198 2.5
185 184 2.5
129 415 2.5
47 170 2.5
51 119 2.5
193 297 2.5
249 204 2.5
30 139 2.5
81 210 2.5
3 1 2.5
25 95 2.5
34 148 2.5
85 49 2.5
417 148 2.5
190 141 2.5
159 59 2.5
115 167 2.5
177 125 2.5
20 1 2.5
173 1 2.5
79 42 2.5
155 162 2.5
163 88 2.5
179 20 2.5
46 1 2.5
57 11 2.5
139 103 2.5
57 201 2.5
169 170 2.5
76 42 2.5
1 1 2.5
7 102 2.5
117 20 2.5
40 4 2.5
10 201 2.5
42 177 2.5
20 26 2.5
117 8 2.5
116 6 2.5
25 20 2.5
100 1 2.5
42 176 2.5
166 7 2.5
7 24 2.5
7 30 2.5
147 12 2.5
157 25 2.5
9 185 2.5
39 67 2.5
145 71 2.5
110 76 2.5
20 176 2.5
57 87 2.5
127 135 2.5
120 196 2.5
140 98 2.5
7 91 2.5
6 20 2.5
419 153 2.5
96 235 2.5
25 1 2.5
42 42 2.5
44 139 2.5
66 140 2.5
415 1 2.5
20 39 2.5
385 116 2.5
20 169 2.5
180 28 2.5
23 176 2.5
145 141 2.5
22 72 2.5
20 7 2.5
385 187 2.5
52 80 2.5
169 18 2.5
356 211 2.5
297 33 2.5
419 141 2.5
85 20 2.5
235 76 2.5
165 385 2.5
19 81 2.5
89 52 2.5
120 86 2.5
6 42 2.5
24 188 2.5
20 1 2.5
145 60 2.5
208 20 2.5
97 86 2.5
1 21 2.5
1 7 2.5
161 144 2.5
179 72 2.5
139 401 2.5
178 103 2.5
156 16 2.5
122 101 2.5
97 158 2.5
25 179 2.5
25 40 2.5
7 1 2.5
24 239 2.5
116 46 2.5
185 163 2.5
1 155 2.5
156 297 2.5
94 161 2.5
78 166 2.5
122 93 2.5
23 174 2.5
235 2 2.5
76 326 2.5
297 85 2.5
176 418 2.5
128 44 2.5
139 106 2.5
1 140 2.5
51 145 2.5
91 20 2.5
135 13 2.5
6 166 2.5
42 6 2.5
162 189 2.5
167 117 2.5
41 20 2.5
130 1 2.5
39 99 2.5
172 133 2.5
57 474 2.5
6 20 2.5
11 20 2.5
475 399 2.5
44 1 2.5
135 63 2.5
196 77 2.5
42 86 2.5
28 145 2.5
421 259 2.5
168 385 2.5
117 154 2.5
156 5 2.5
207 210 2.5
20 83 2.5
7 154 2.5
163 22 2.5
152 76 2.5
158 24 2.5
245 1 2.5
385 180 2.5
20 25 2.5
6 9 2.5
6 385 2.5
122 20 2.5
172 139 2.5
69 20 2.5
28 83 2.5
197 176 2.5
75 36 2.5
417 22 2.5
297 153 2.5
7 136 2.5
46 161 2.5
184 416 2.5
172 1 2.5
17 210 2.5
7 385 2.5
110 235 2.5
60 77 2.5
227 57 2.5
265 139 2.5
95 44 2.5
46 185 2.5
46 26 2.5
59 1 2.5
71 42 2.5
1 87 2.5
201 48 2.5
69 15 2.5
177 476 2.5
139 153 2.5
167 40 2.5
1 15 2.5
118 385 2.5
416 15 2.5
125 119 2.5
217 42 2.5
34 43 2.5
1 231 2.5
20 2 2.5
50 1 2.5
385 127 2.5
44 133 2.5
158 152 2.5
235 198 2.5
477 56 2.5
43 33 2.5
12 94 2.5
66 239 2.5
7 385 2.5
172 44 2.5
15 4 2.5
33 22 2.5
156 419 2.5
12 57 2.5
145 418 2.5
152 416 2.5
416 6 2.5
90 9 2.5
385 336 2.5
231 128 2.5
167 63 2.5
385 57 2.5
89 36 2.5
1 175 2.5
417 23 2.5
246 1 2.5
90 180 2.5
152 174 2.5
7 415 2.5
1 20 2.5
2 128 2.5
33 235 2.5
60 158 2.5
20 73 2.5
239 417 2.5
118 187 2.5
42 7 2.5
42 42 2.5
52 169 2.5
1 73 2.5
8 158 2.5
73 11 2.5
53 45 2.5
186 148 2.5
1 91 2.5
41 163 2.5
54 385 2.5
42 478 2.5
175 73 2.5
416 6 2.5
297 22 2.5
76 152 2.5
166 128 2.5
298 421 2.5
88 61 2.5
385 235 2.5
20 22 2.5
128 13 2.5
20 185 2.5
417 20 2.5
28 20 2.5
128 64 2.5
153 8 2.5
110 196 2.5
75 21 2.5
44 142 2.5
17 89 2.5
11 297 2.5
90 20 2.5
418 18 2.5
132 244 2.5
1 86 2.5
116 1 2.5
83 98 2.5
20 91 2.5
11 120 2.5
169 417 2.5
36 138 2.5
180 4 2.5
152 28 2.5
152 87 2.5
22 76 2.5
81 112 2.5
11 20 2.5
154 91 2.5
18 20 2.5
102 20 2.5
141 126 2.5
51 44 2.5
6 127 2.5
416 1 2.5
20 206 2.5
161 1 2.5
20 6 2.5
118 57 2.5
1 62 2.5
15 418 2.5
87 63 2.5
186 107 2.5
7 382 2.5
155 145 2.5
11 61 2.5
75 42 2.5
145 1 2.5
133 25 2.5
7 308 2.5
35 101 2.5
438 42 2.5
65 166 2.5
105 85 2.5
130 172 2.5
63 134 2.5
77 116 2.5
136 185 2.5
125 1 2.5
33 57 2.5
143 97 2.5
85 144 2.5
385 3 2.5
44 421 2.5
125 416 2.5
22 421 2.5
43 23 2.5
88 39 2.5
7 71 2.5
28 385 2.5
101 29 2.5
239 127 2.5
421 63 2.5
134 165 2.5
46 186 2.5
20 20 2.5
20 119 2.5
205 5 2.5
107 63 2.5
421 162 2.5
417 1 2.5
76 166 2.5
20 168 2.5
77 42 2.5
121 245 2.5
80 148 2.5
70 10 2.5
415 4 2.5
417 5 2.5
189 42 2.5
95 23 2.5
148 39 2.5
416 49 2.5
29 417 2.5
54 139 2.5
152 80 2.5
76 28 2.5
117 385 2.5
249 258 2.5
3 22 2.5
99 115 2.5
57 126 2.5
94 48 2.5
263 194 2.5
44 42 2.5
143 120 2.5
40 91 2.5
163 173 2.5
161 122 2.5
385 217 2.5
153 118 2.5
421 89 2.5
28 245 2.5
144 29 2.5
413 286 2.5
83 71 2.5
15 19 2.5
15 12 2.5
185 65 2.5
54 189 2.5
53 20 2.5
57 102 2.5
20 40 2.5
17 135 2.5
126 141 2.5
175 198 2.5
1 89 2.5
419 95 2.5
62 81 2.5
46 1 2.5
97 67 2.5
94 86 2.5
479 296 2.5
187 144 2.5
14 20 2.5
263 247 2.5
87 53 2.5
27 198 2.5
418 23 2.5
41 82 2.5
25 29 2.5
180 3 2.5
1 7 2.5
417 23 2.5
59 73 2.5
47 76 2.5
207 162 2.5
179 78 2.5
20 40 2.5
20 136 2.5
56 235 2.5
11 47 2.5
26 100 2.5
258 361 2.5
43 19 2.5
44 117 2.5
161 51 2.5
480 320 2.5
4 15 2.5
40 1 2.5
145 110 2.5
106 107 2.5
20 143 2.5
176 178 2.5
60 20 2.5
199 126 2.5
82 169 2.5
186 120 2.5
76 133 2.5
207 105 2.5
198 152 2.5
140 86 2.5
20 121 2.5
98 86 2.5
76 266 2.5
29 20 2.5
245 122 2.5
56 1 2.5
169 421 2.5
94 83 2.5
226 151 2.5
226 151 2.5
75 239 2.5
60 157 2.5
1 385 2.5
186 11 2.5
19 173 2.5
157 143 2.5
81 28 2.5
416 177 2.5
419 170 2.5
189 133 2.5
141 116 2.5
65 166 2.5
63 418 2.5
25 100 2.5
98 20 2.5
187 34 2.5
51 1 2.5
152 154 2.5
36 110 2.5
36 235 2.5
11 138 2.5
149 7 2.5
59 184 2.5
20 122 2.5
204 291 2.5
17 99 2.5
93 1 2.5
207 158 2.5
4 16 2.5
107 235 2.5
13 6 2.5
149 152 2.5
102 51 2.5
199 28 2.5
89 121 2.5
1 25 2.5
1 116 2.5
158 116 2.5
199 140 2.5
145 418 2.5
57 15 2.5
9 76 2.5
75 17 2.5
8 4 2.5
101 20 2.5
63 166 2.5
107 42 2.5
190 154 2.5
73 417 2.5
25 21 2.5
13 167 2.5
70 25 2.5
201 152 2.5
1 152 2.5
418 189 2.5
159 184 2.5
127 34 2.5
136 7 2.5
39 32 2.5
169 25 2.5
7 245 2.5
139 230 2.5
25 75 2.5
32 76 2.5
199 76 2.5
128 30 2.5
6 76 2.5
145 36 2.5
42 6 2.5
265 481 2.5
21 28 2.5
385 79 2.5
60 385 2.5
28 106 2.5
142 20 2.5
199 106 2.5
36 1 2.5
89 29 2.5
415 44 2.5
415 94 2.5
205 5 2.5
7 266 2.5
14 11 2.5
210 245 2.5
57 3 2.5
134 44 2.5
176 54 2.5
145 86 2.5
8 156 2.5
55 17 2.5
59 42 2.5
163 184 2.5
16 193 2.5
7 1 2.5
11 65 2.5
163 190 2.5
225 42 2.5
415 111 2.5
421 134 2.5
91 142 2.5
20 135 2.5
418 56 2.5
1 185 2.5
99 22 2.5
7 142 2.5
42 19 2.5
22 158 2.5
20 179 2.5
86 126 2.5
19 1 2.5
171 176 2.5
151 205 2.5
23 167 2.5
152 22 2.5
147 139 2.5
30 96 2.5
22 22 2.5
23 15 2.5
362 76 2.5
42 145 2.5
25 138 2.5
170 129 2.5
20 19 2.5
42 297 2.5
25 213 2.5
47 28 2.5
1 20 2.5
207 1 2.5
106 80 2.5
170 35 2.5
69 156 2.5
97 152 2.5
165 385 2.5
231 172 2.5
106 147 2.5
385 7 2.5
17 418 2.5
86 129 2.5
1 83 2.5
3 28 2.5
418 135 2.5
92 25 2.5
3 1 2.5
20 25 2.5
44 482 2.5
105 44 2.5
20 6 2.5
418 89 2.5
4 126 2.5
20 46 2.5
210 157 2.5
130 43 2.5
101 111 2.5
15 163 2.5
6 372 2.5
74 20 2.5
102 20 2.5
6 70 2.5
41 153 2.5
61 42 2.5
483 86 2.5
12 173 2.5
418 187 2.5
45 10 2.5
23 186 2.5
64 20 2.5
1 42 2.5
122 416 2.5
6 139 2.5
68 199 2.5
22 297 2.5
25 93 2.5
484 20 2.5
28 188 2.5
158 17 2.5
106 5 2.5
106 62 2.5
175 177 2.5
100 23 2.5
44 116 2.5
22 42 2.5
152 34 2.5
47 141 2.5
44 127 2.5
20 15 2.5
118 416 2.5
6 6 2.5
20 116 2.5
175 98 2.5
22 85 2.5
93 415 2.5
161 185 2.5
20 11 2.5
107 43 2.5
53 73 2.5
167 77 2.5
19 33 2.5
190 19 2.5
1 86 2.5
97 77 2.5
23 89 2.5
145 84 2.5
55 184 2.5
175 421 2.5
102 2 2.5
66 1 2.5
187 11 2.5
134 140 2.5
57 198 2.5
116 42 2.5
198 102 2.5
34 33 2.5
120 385 2.5
44 382 2.5
164 54 2.5
1 173 2.5
187 3 2.5
152 48 2.5
48 23 2.5
1 198 2.5
421 25 2.5
22 171 2.5
166 158 2.5
177 73 2.5
76 7 2.5
82 2 2.5
4 119 2.5
193 53 2.5
6 1 2.5
7 15 2.5
76 140 2.5
155 148 2.5
57 138 2.5
169 66 2.5
20 106 2.5
76 147 2.5
6 12 2.5
1 43 2.5
2 48 2.5
76 76 2.5
421 179 2.5
1 20 2.5
96 78 2.5
193 86 2.5
74 119 2.5
120 1 2.5
337 5 2.5
1 61 2.5
73 1 2.5
85 15 2.5
42 93 2.5
28 158 2.5
71 20 2.5
145 6 2.5
110 42 2.5
1 84 2.5
133 71 2.5
168 417 2.5
43 49 2.5
21 169 2.5
1 42 2.5
72 207 2.5
76 116 2.5
58 417 2.5
42 19 2.5
143 13 2.5
35 154 2.5
24 56 2.5
20 456 2.5
179 129 2.5
140 39 2.5
10 125 2.5
66 27 2.5
48 116 2.5
140 90 2.5
54 187 2.5
419 245 2.5
25 140 2.5
141 57 2.5
297 44 2.5
63 4 2.5
148 5 2.5
86 1 2.5
133 20 2.5
64 23 2.5
20 159 2.5
33 276 2.5
169 21 2.5
180 485 2.5
130 42 2.5
1 145 2.5
184 20 2.5
180 20 2.5
213 265 2.5
110 92 2.5
16 76 2.5
83 117 2.5
33 97 2.5
80 62 2.5
73 94 2.5
303 191 2.5
103 161 2.5
42 122 2.5
20 416 2.5
152 106 2.5
15 419 2.5
188 1 2.5
81 164 2.5
47 107 2.5
29 138 2.5
16 17 2.5
129 1 2.5
243 486 2.5
184 235 2.5
175 73 2.5
4 417 2.5
487 76 2.5
67 239 2.5
174 67 2.5
25 100 2.5
90 421 2.5
25 167 2.5
1 385 2.5
48 20 2.5
185 42 2.5
97 190 2.5
66 53 2.5
55 84 2.5
102 140 2.5
7 6 2.5
167 101 2.5
462 1 2.5
20 42 2.5
245 36 2.5
50 22 2.5
126 59 2.5
60 416 2.5
136 1 2.5
150 181 2.5
25 16 2.5
155 235 2.5
73 415 2.5
418 42 2.5
11 72 2.5
42 86 2.5
20 100 2.5
88 174 2.5
417 34 2.5
92 385 2.5
1 20 2.5
101 28 2.5
93 186 2.5
20 2 2.5
42 217 2.5
91 145 2.5
41 1 2.5
34 133 2.5
74 129 2.5
44 42 2.5
152 196 2.5
84 121 2.5
193 57 2.5
98 24 2.5
235 89 2.5
11 235 2.5
112 178 2.5
116 384 2.5
18 178 2.5
145 180 2.5
84 76 2.5
1 2 2.5
95 42 2.5
28 415 2.5
488 20 2.5
20 25 2.5
89 81 2.5
415 105 2.5
3 158 2.5
158 163 2.5
53 86 2.5
1 174 2.5
20 20 2.5
138 15 2.5
17 58 2.5
145 239 2.5
156 176 2.5
49 89 2.5
172 33 2.5
95 46 2.5
89 415 2.5
239 67 2.5
83 6 2.5
380 398 2.5
7 76 2.5
52 42 2.5
43 51 2.5
145 416 2.5
210 88 2.5
169 63 2.5
34 245 2.5
145 385 2.5
42 173 2.5
57 57 2.5
35 140 2.5
60 34 2.5
352 296 2.5
70 18 2.5
48 158 2.5
156 6 2.5
51 42 2.5
62 81 2.5
245 102 2.5
111 60 2.5
162 245 2.5
35 46 2.5
67 52 2.5
24 235 2.5
172 41 2.5
179 69 2.5
62 89 2.5
384 29 2.5
72 118 2.5
92 6 2.5
42 136 2.5
139 14 2.5
5 11 2.5
92 42 2.5
92 99 2.5
1 139 2.5
92 20 2.5
70 73 2.5
38 337 2.5
42 44 2.5
22 20 2.5
25 159 2.5
27 86 2.5
25 416 2.5
19 11 2.5
226 191 2.5
36 20 2.5
7 189 2.5
61 163 2.5
140 133 2.5
138 140 2.5
102 57 2.5
361 421 2.5
42 126 2.5
418 97 2.5
245 199 2.5
100 44 2.5
15 44 2.5
15 89 2.5
22 40 2.5
126 103 2.5
58 415 2.5
89 32 2.5
143 1 2.5
62 128 2.5
60 1 2.5
1 42 2.5
240 132 2.5
20 23 2.5
106 105 2.5
29 18 2.5
188 77 2.5
81 127 2.5
20 96 2.5
1 42 2.5
25 99 2.5
14 74 2.5
12 6 2.5
73 67 2.5
79 416 2.5
384 28 2.5
385 76 2.5
44 176 2.5
1 14 2.5
416 9 2.5
20 117 2.5
192 280 2.5
28 89 2.5
143 12 2.5
122 15 2.5
77 41 2.5
186 1 2.5
76 418 2.5
115 16 2.5
76 54 2.5
72 129 2.5
434 37 2.5
189 154 2.5
144 19 2.5
417 73 2.5
20 148 2.5
54 87 2.5
28 3 2.5
62 385 2.5
42 148 2.5
419 94 2.5
1 179 2.5
20 158 2.5
180 81 2.5
90 416 2.5
106 79 2.5
60 20 2.5
385 79 2.5
184 128 2.5
106 418 2.5
69 90 2.5
9 155 2.5
90 126 2.5
98 148 2.5
20 134 2.5
328 147 2.5
39 121 2.5
53 168 2.5
77 180 2.5
140 70 2.5
142 80 2.5
418 71 2.5
73 190 2.5
57 156 2.5
36 245 2.5
152 179 2.5
60 165 2.5
1 180 2.5
45 54 2.5
134 9 2.5
201 175 2.5
33 3 2.5
53 176 2.5
76 56 2.5
1 6 2.5
56 177 2.5
67 15 2.5
416 22 2.5
245 53 2.5
72 145 2.5
55 169 2.5
85 42 2.5
25 54 2.5
6 167 2.5
22 6 2.5
52 1 2.5
34 62 2.5
245 188 2.5
138 418 2.5
419 173 2.5
231 85 2.5
42 101 2.5
152 7 2.5
98 1 2.5
145 153 2.5
138 239 2.5
75 1 2.5
70 11 2.5
247 434 2.5
31 152 2.5
41 19 2.5
40 9 2.5
77 155 2.5
20 20 2.5
42 152 2.5
1 245 2.5
47 88 2.5
416 155 2.5
71 76 2.5
93 180 2.5
1 59 2.5
155 77 2.5
84 1 2.5
49 80 2.5
217 22 2.5
98 102 2.5
122 417 2.5
42 14 2.5
7 20 2.5
72 166 2.5
486 461 2.5
20 40 2.5
235 213 2.5
92 1 2.5
196 1 2.5
138 198 2.5
86 83 2.5
116 380 2.5
20 76 2.5
23 415 2.5
121 129 2.5
94 1 2.5
20 145 2.5
17 141 2.5
12 79 2.5
61 102 2.5
187 245 2.5
32 117 2.5
187 1 2.5
171 33 2.5
20 24 2.5
6 14 2.5
220 151 2.5
199 6 2.5
86 173 2.5
66 125 2.5
127 419 2.5
239 147 2.5
6 122 2.5
1 73 2.5
385 20 2.5
87 96 2.5
20 51 2.5
139 398 2.5
421 73 2.5
247 434 2.5
101 67 2.5
13 75 2.5
184 86 2.5
24 6 2.5
42 416 2.5
133 53 2.5
22 67 2.5
112 75 2.5
43 20 2.5
169 112 2.5
97 125 2.5
19 130 2.5
1 101 2.5
30 6 2.5
179 83 2.5
297 157 2.5
27 415 2.5
164 162 2.5
170 7 2.5
92 199 2.5
107 419 2.5
49 156 2.5
89 24 2.5
122 83 2.5
144 245 2.5
74 23 2.5
81 42 2.5
193 161 2.5
54 152 2.5
132 259 2.5
238 11 2.5
1 1 2.5
170 25 2.5
59 73 2.5
421 192 2.5
173 96 2.5
19 180 2.5
147 24 2.5
28 27 2.5
417 23 2.5
36 79 2.5
180 42 2.5
34 158 2.5
14 419 2.5
142 20 2.5
128 154 2.5
6 44 2.5
20 198 2.5
40 1 2.5
65 2 2.5
102 126 2.5
154 28 2.5
28 73 2.5
152 143 2.5
24 26 2.5
195 37 2.5
67 421 2.5
200 412 2.5
42 90 2.5
47 152 2.5
204 434 2.5
77 16 2.5
119 28 2.5
245 9 2.5
46 57 2.5
419 107 2.5
11 186 2.5
72 23 2.5
126 29 2.5
19 235 2.5
20 1 2.5
74 33 2.5
57 20 2.5
456 219 2.5
2 418 2.5
42 18 2.5
106 143 2.5
64 32 2.5
149 22 2.5
1 42 2.5
177 66 2.5
145 73 2.5
6 25 2.5
89 42 2.5
121 23 2.5
52 6 2.5
82 79 2.5
74 385 2.5
15 78 2.5
415 235 2.5
201 186 2.5
421 244 2.5
36 20 2.5
103 15 2.5
167 415 2.5
297 184 2.5
157 2 2.5
419 24 2.5
240 94 2.5
68 77 2.5
89 49 2.5
1 68 2.5
118 297 2.5
122 156 2.5
68 122 2.5
57 64 2.5
57 20 2.5
119 66 2.5
20 15 2.5
25 90 2.5
1 105 2.5
1 4 2.5
167 169 2.5
39 20 2.5
89 6 2.5
24 198 2.5
42 70 2.5
329 94 2.5
19 235 2.5
62 75 2.5
6 6 2.5
57 128 2.5
98 60 2.5
25 102 2.5
297 83 2.5
20 1 2.5
22 421 2.5
418 69 2.5
25 20 2.5
133 152 2.5
155 58 2.5
81 54 2.5
57 172 2.5
25 1 2.5
40 245 2.5
42 58 2.5
20 45 2.5
385 45 2.5
2 1 2.5
152 133 2.5
32 189 2.5
2 111 2.5
101 1 2.5
42 141 2.5
329 220 2.5
1 416 2.5
60 5 2.5
20 31 2.5
190 176 2.5
22 167 2.5
184 187 2.5
144 88 2.5
18 116 2.5
20 58 2.5
89 19 2.5
6 144 2.5
2 163 2.5
89 69 2.5
6 39 2.5
121 18 2.5
26 25 2.5
111 94 2.5
79 27 2.5
196 93 2.5
48 105 2.5
80 177 2.5
91 17 2.5
128 416 2.5
31 1 2.5
180 415 2.5
187 19 2.5
134 149 2.5
140 22 2.5
297 164 2.5
143 59 2.5
173 32 2.5
27 245 2.5
28 417 2.5
76 87 2.5
83 20 2.5
6 159 2.5
424 57 2.5
48 35 2.5
42 20 2.5
161 45 2.5
170 76 2.5
98 14 2.5
1 70 2.5
116 152 2.5
62 57 2.5
134 82 2.5
19 171 2.5
25 187 2.5
44 297 2.5
174 149 2.5
167 15 2.5
41 144 2.5
20 1 2.5
158 23 2.5
339 20 2.5
163 28 2.5
193 44 2.5
71 184 2.5
149 119 2.5
97 76 2.5
64 91 2.5
20 22 2.5
217 193 2.5
80 153 2.5
82 419 2.5
94 145 2.5
141 60 2.5
29 73 2.5
67 133 2.5
40 141 2.5
416 2 2.5
174 7 2.5
205 211 2.5
60 18 2.5
184 417 2.5
121 116 2.5
152 8 2.5
297 145 2.5
42 107 2.5
44 416 2.5
1 187 2.5
100 156 2.5
156 235 2.5
20 201 2.5
1 116 2.5
29 116 2.5
99 23 2.5
115 4 2.5
417 90 2.5
162 45 2.5
76 60 2.5
48 180 2.5
1 29 2.5
110 297 2.5
23 418 2.5
94 63 2.5
179 20 2.5
1 174 2.5
111 135 2.5
421 297 2.5
130 41 2.5
419 20 2.5
417 97 2.5
415 7 2.5
88 111 2.5
65 171 2.5
2 158 2.5
165 116 2.5
19 125 2.5
79 44 2.5
153 26 2.5
99 42 2.5
239 199 2.5
57 7 2.5
179 22 2.5
189 177 2.5
122 22 2.5
42 42 2.5
102 210 2.5
89 189 2.5
169 185 2.5
55 6 2.5
18 26 2.5
172 142 2.5
18 6 2.5
26 94 2.5
101 152 2.5
51 418 2.5
75 70 2.5
20 421 2.5
8 28 2.5
20 55 2.5
111 80 2.5
156 35 2.5
16 24 2.5
107 17 2.5
415 185 2.5
138 25 2.5
20 167 2.5
83 6 2.5
56 28 2.5
415 93 2.5
184 23 2.5
134 22 2.5
10 155 2.5
158 1 2.5
179 149 2.5
179 23 2.5
164 20 2.5
198 184 2.5
82 76 2.5
42 6 2.5
140 250 2.5
2 417 2.5
62 154 2.5
245 44 2.5
89 199 2.5
1 169 2.5
347 205 2.5
11 134 2.5
385 56 2.5
20 185 2.5
65 57 2.5
83 33 2.5
417 239 2.5
185 42 2.5
147 147 2.5
163 86 2.5
1 71 2.5
20 419 2.5
57 79 2.5
20 297 2.5
190 164 2.5
86 143 2.5
1 418 2.5
235 118 2.5
12 148 2.5
78 1 2.5
143 62 2.5
235 66 2.5
7 86 2.5
78 158 2.5
110 174 2.5
152 1 2.5
126 130 2.5
213 480 2.5
73 52 2.5
133 128 2.5
418 73 2.5
165 57 2.5
64 25 2.5
2 20 2.5
57 173 2.5
120 419 2.5
145 28 2.5
30 142 2.5
82 42 2.5
1 439 2.5
76 73 2.5
186 45 2.5
148 140 2.5
49 128 2.5
64 22 2.5
334 489 2.5
60 116 2.5
4 62 2.5
180 1 2.5
385 193 2.5
171 6 2.5
44 15 2.5
1 89 2.5
74 107 2.5
102 96 2.5
156 57 2.5
30 20 2.5
11 1 2.5
20 178 2.5
117 180 2.5
9 297 2.5
115 23 2.5
1 141 2.5
175 1 2.5
72 9 2.5
76 153 2.5
24 421 2.5
92 189 2.5
105 22 2.5
47 207 2.5
1 95 2.5
83 145 2.5
152 39 2.5
245 24 2.5
42 20 2.5
122 20 2.5
169 66 2.5
79 53 2.5
162 385 2.5
80 76 2.5
6 103 2.5
7 30 2.5
11 89 2.5
179 95 2.5
101 93 2.5
1 11 2.5
57 8 2.5
128 120 2.5
28 30 2.5
46 50 2.5
130 62 2.5
149 20 2.5
153 16 2.5
24 96 2.5
143 120 2.5
42 157 2.5
147 68 2.5
155 231 2.5
179 74 2.5
19 93 2.5
25 89 2.5
99 118 2.5
14 42 2.5
125 20 2.5
34 74 2.5
56 142 2.5
11 456 2.5
159 169 2.5
88 100 2.5
11 6 2.5
119 174 2.5
13 65 2.5
101 136 2.5
1 385 2.5
63 19 2.5
20 26 2.5
103 68 2.5
84 5 2.5
36 133 2.5
84 1 2.5
25 198 2.5
25 20 2.5
22 21 2.5
42 67 2.5
22 1 2.5
20 20 2.5
56 122 2.5
77 466 2.5
71 76 2.5
42 193 2.5
1 20 2.5
52 417 2.5
28 6 2.5
171 1 2.5
198 418 2.5
140 134 2.5
47 1 2.5
87 185 2.5
119 6 2.5
76 31 2.5
102 6 2.5
142 19 2.5
165 7 2.5
7 44 2.5
39 231 2.5
1 152 2.5
86 95 2.5
177 105 2.5
44 198 2.5
1 149 2.5
235 30 2.5
308 76 2.5
180 94 2.5
74 1 2.5
20 156 2.5
53 139 2.5
419 245 2.5
417 27 2.5
31 105 2.5
171 28 2.5
69 2 2.5
180 140 2.5
158 3 2.5
175 166 2.5
145 86 2.5
171 176 2.5
1 416 2.5
27 22 2.5
421 49 2.5
21 85 2.5
86 171 2.5
106 77 2.5
139 29 2.5
68 41 2.5
231 27 2.5
28 20 2.5
6 76 2.5
195 20 2.5
10 116 2.5
217 48 2.5
180 198 2.5
96 20 2.5
57 55 2.5
178 121 2.5
7 1 2.5
85 45 2.5
153 107 2.5
152 42 2.5
6 34 2.5
115 133 2.5
145 176 2.5
36 28 2.5
39 22 2.5
103 76 2.5
415 20 2.5
74 199 2.5
88 158 2.5
6 198 2.5
19 90 2.5
37 434 2.5
73 198 2.5
20 5 2.5
29 231 2.5
22 135 2.5
77 122 2.5
119 6 2.5
112 23 2.5
3 12 2.5
27 385 2.5
106 149 2.5
20 86 2.5
121 180 2.5
95 42 2.5
89 149 2.5
199 22 2.5
297 141 2.5
96 39 2.5
152 58 2.5
22 161 2.5
154 155 2.5
20 418 2.5
78 217 2.5
89 8 2.5
1 421 2.5
20 35 2.5
147 145 2.5
34 51 2.5
1 6 2.5
185 176 2.5
70 20 2.5
61 17 2.5
158 42 2.5
73 56 2.5
20 89 2.5
105 58 2.5
102 70 2.5
50 152 2.5
1 72 2.5
193 136 2.5
4 145 2.5
243 180 2.5
415 85 2.5
86 161 2.5
198 115 2.5
82 19 2.5
1 110 2.5
11 76 2.5
188 20 2.5
210 361 2.5
1 85 2.5
1 217 2.5
206 116 2.5
5 226 2.5
161 21 2.5
213 22 2.5
20 156 2.5
152 187 2.5
25 161 2.5
14 231 2.5
164 7 2.5
20 167 2.5
152 417 2.5
63 1 2.5
415 57 2.5
25 152 2.5
163 96 2.5
415 140 2.5
43 190 2.5
11 11 2.5
185 245 2.5
164 71 2.5
153 416 2.5
136 421 2.5
1 83 2.5
157 42 2.5
20 186 2.5
115 87 2.5
112 22 2.5
147 28 2.5
11 64 2.5
86 42 2.5
116 156 2.5
140 297 2.5
25 158 2.5
370 462 2.5
4 121 2.5
56 17 2.5
136 245 2.5
207 71 2.5
25 1 2.5
139 20 2.5
45 23 2.5
158 25 2.5
178 115 2.5
105 96 2.5
129 158 2.5
416 207 2.5
245 3 2.5
3 7 2.5
98 166 2.5
103 6 2.5
163 42 2.5
1 86 2.5
18 42 2.5
106 75 2.5
173 86 2.5
239 161 2.5
7 18 2.5
5 127 2.5
136 19 2.5
1 165 2.5
127 36 2.5
117 71 2.5
185 13 2.5
20 98 2.5
39 207 2.5
317 31 2.5
169 27 2.5
297 12 2.5
23 52 2.5
173 239 2.5
42 23 2.5
205 204 2.5
28 107 2.5
19 20 2.5
42 120 2.5
158 419 2.5
79 20 2.5
22 176 2.5
134 152 2.5
20 20 2.5
6 82 2.5
181 194 2.5
159 20 2.5
417 60 2.5
213 152 2.5
1 46 2.5
22 59 2.5
172 10 2.5
102 7 2.5
421 226 2.5
2 57 2.5
176 28 2.5
1 1 2.5
76 57 2.5
20 22 2.5
292 6 2.5
28 46 2.5
415 1 2.5
92 99 2.5
58 187 2.5
42 82 2.5
4 1 2.5
88 53 2.5
15 245 2.5
98 6 2.5
49 24 2.5
201 94 2.5
60 1 2.5
297 68 2.5
24 201 2.5
434 249 2.5
231 63 2.5
68 111 2.5
76 156 2.5
69 129 2.5
415 2 2.5
385 42 2.5
297 42 2.5
17 57 2.5
126 57 2.5
26 6 2.5
140 4 2.5
3 23 2.5
158 165 2.5
187 1 2.5
11 25 2.5
56 415 2.5
241 265 2.5
198 42 2.5
173 42 2.5
174 11 2.5
26 7 2.5
4 42 2.5
69 20 2.5
116 2 2.5
163 133 2.5
13 73 2.5
415 55 2.5
116 34 2.5
61 115 2.5
7 5 2.5
199 27 2.5
95 86 2.5
20 49 2.5
1 201 2.5
40 82 2.5
417 102 2.5
86 15 2.5
145 1 2.5
34 161 2.5
127 47 2.5
20 50 2.5
25 50 2.5
20 20 2.5
126 86 2.5
64 7 2.5
385 42 2.5
49 82 2.5
15 140 2.5
100 111 2.5
45 83 2.5
139 5 2.5
82 42 2.5
84 77 2.5
157 235 2.5
421 22 2.5
87 43 2.5
152 6 2.5
74 20 2.5
167 1 2.5
177 97 2.5
25 20 2.5
82 190 2.5
145 2 2.5
22 116 2.5
297 416 2.5
20 145 2.5
272 415 2.5
147 22 2.5
223 178 2.5
45 139 2.5
490 42 2.5
148 65 2.5
39 143 2.5
31 300 2.5
194 195 2.5
42 29 2.5
86 53 2.5
54 156 2.5
291 42 2.5
76 175 2.5
84 165 2.5
105 101 2.5
86 91 2.5
27 29 2.5
69 419 2.5
110 42 2.5
244 181 2.5
11 107 2.5
57 47 2.5
20 22 2.5
196 79 2.5
164 26 2.5
40 24 2.5
210 20 2.5
24 198 2.5
140 6 2.5
12 180 2.5
396 223 2.5
178 20 2.5
15 210 2.5
491 384 2.5
57 20 2.5
187 16 2.5
180 28 2.5
416 63 2.5
1 245 2.5
72 23 2.5
175 171 2.5
186 42 2.5
421 38 2.5
297 52 2.5
76 107 2.5
9 143 2.5
42 110 2.5
79 157 2.5
167 20 2.5
16 20 2.5
41 153 2.5
153 145 2.5
91 20 2.5
45 76 2.5
147 419 2.5
158 91 2.5
23 27 2.5
56 14 2.5
415 81 2.5
20 2 2.5
57 140 2.5
1 20 2.5
24 77 2.5
30 43 2.5
5 2 2.5
356 150 2.5
13 1 2.5
20 105 2.5
2 1 2.5
154 25 2.5
43 1 2.5
71 90 2.5
19 8 2.5
105 61 2.5
135 115 2.5
2 58 2.5
152 140 2.5
125 1 2.5
162 144 2.5
16 152 2.5
415 12 2.5
86 189 2.5
7 140 2.5
91 385 2.5
33 196 2.5
44 20 2.5
66 20 2.5
22 140 2.5
418 106 2.5
186 7 2.5
81 13 2.5
19 111 2.5
17 42 2.5
16 1 2.5
144 26 2.5
41 196 2.5
76 22 2.5
73 20 2.5
184 23 2.5
57 1 2.5
59 96 2.5
6 111 2.5
138 156 2.5
418 118 2.5
45 140 2.5
129 26 2.5
149 44 2.5
93 416 2.5
7 385 2.5
1 42 2.5
22 77 2.5
6 99 2.5
120 421 2.5
24 42 2.5
245 7 2.5
42 34 2.5
421 19 2.5
207 42 2.5
42 161 2.5
20 7 2.5
3 421 2.5
200 492 2.5
129 1 2.5
5 217 2.5
145 116 2.5
32 22 2.5
20 190 2.5
20 42 2.5
34 4 2.5
145 154 2.5
116 246 2.5
153 20 2.5
1 419 2.5
239 22 2.5
188 65 2.5
467 459 2.5
11 82 2.5
493 345 2.5
385 16 2.5
416 86 2.5
23 30 2.5
76 128 2.5
163 210 2.5
421 1 2.5
51 145 2.5
2 152 2.5
42 42 2.5
133 129 2.5
82 47 2.5
20 16 2.5
22 107 2.5
32 193 2.5
48 1 2.5
97 29 2.5
415 45 2.5
158 19 2.5
76 100 2.5
8 117 2.5
210 42 2.5
184 239 2.5
210 232 2.5
70 10 2.5
235 20 2.5
100 6 2.5
1 120 2.5
138 149 2.5
220 226 2.5
20 5 2.5
76 1 2.5
199 84 2.5
8 245 2.5
131 285 2.5
42 20 2.5
21 210 2.5
21 20 2.5
145 147 2.5
25 42 2.5
130 35 2.5
1 18 2.5
185 125 2.5
116 228 2.5
385 116 2.5
78 130 2.5
72 97 2.5
152 245 2.5
1 29 2.5
49 112 2.5
245 162 2.5
263 258 2.5
81 62 2.5
44 22 2.5
417 42 2.5
20 494 2.5
239 156 2.5
495 180 2.5
20 245 2.5
83 36 2.5
52 23 2.5
147 107 2.5
76 101 2.5
100 83 2.5
102 418 2.5
1 200 2.5
161 54 2.5
155 128 2.5
42 418 2.5
22 82 2.5
42 20 2.5
421 20 2.5
155 17 2.5
419 73 2.5
208 294 2.5
5 118 2.5
105 60 2.5
235 152 2.5
152 417 2.5
20 458 2.5
67 138 2.5
96 1 2.5
148 53 2.5
120 178 2.5
48 43 2.5
63 161 2.5
33 127 2.5
76 152 2.5
6 30 2.5
106 53 2.5
1 162 2.5
193 31 2.5
103 73 2.5
20 157 2.5
25 170 2.5
1 74 2.5
20 159 2.5
67 10 2.5
337 94 2.5
152 156 2.5
63 24 2.5
46 11 2.5
415 18 2.5
105 210 2.5
180 44 2.5
34 89 2.5
135 119 2.5
415 154 2.5
42 5 2.5
93 140 2.5
148 152 2.5
170 26 2.5
164 152 2.5
189 143 2.5
120 79 2.5
176 65 2.5
263 232 2.5
122 20 2.5
145 207 2.5
102 35 2.5
170 228 2.5
20 57 2.5
11 56 2.5
1 42 2.5
20 28 2.5
56 85 2.5
337 151 2.5
1 45 2.5
45 25 2.5
152 20 2.5
20 1 2.5
152 231 2.5
28 321 2.5
44 20 2.5
231 147 2.5
417 11 2.5
7 318 2.5
258 132 2.5
63 3 2.5
152 91 2.5
130 68 2.5
111 39 2.5
87 20 2.5
68 76 2.5
91 10 2.5
135 115 2.5
19 10 2.5
385 20 2.5
7 60 2.5
217 239 2.5
152 31 2.5
107 42 2.5
1 23 2.5
20 138 2.5
164 105 2.5
198 78 2.5
106 9 2.5
5 7 2.5
139 52 2.5
126 239 2.5
182 204 2.5
60 25 2.5
107 42 2.5
150 259 2.5
110 27 2.5
421 44 2.5
100 20 2.5
174 60 2.5
4 99 2.5
57 62 2.5
21 47 2.5
188 190 2.5
44 173 2.5
65 6 2.5
126 196 2.5
79 57 2.5
20 57 2.5
152 116 2.5
50 419 2.5
41 416 2.5
1 147 2.5
421 152 2.5
71 1 2.5
128 94 2.5
20 66 2.5
20 135 2.5
125 173 2.5
15 70 2.5
85 20 2.5
44 30 2.5
162 119 2.5
20 217 2.5
45 1 2.5
59 47 2.5
213 116 2.5
23 385 2.5
157 42 2.5
178 160 2.5
157 27 2.5
184 23 2.5
190 235 2.5
188 58 2.5
24 42 2.5
88 20 2.5
95 154 2.5
81 166 2.5
116 496 2.5
185 20 2.5
7 497 2.5
147 73 2.5
147 56 2.5
5 22 2.5
2 297 2.5
24 89 2.5
11 44 2.5
57 175 2.5
42 86 2.5
79 77 2.5
111 4 2.5
441 20 2.5
194 329 2.5
226 94 2.5
56 23 2.5
385 416 2.5
421 129 2.5
119 78 2.5
40 42 2.5
86 31 2.5
36 133 2.5
133 15 2.5
1 73 2.5
167 231 2.5
158 68 2.5
94 416 2.5
116 6 2.5
88 60 2.5
61 165 2.5
82 147 2.5
20 96 2.5
76 417 2.5
24 6 2.5
77 498 2.5
20 418 2.5
144 196 2.5
20 60 2.5
89 168 2.5
6 198 2.5
25 42 2.5
105 11 2.5
231 235 2.5
416 136 2.5
67 63 2.5
15 128 2.5
157 169 2.5
48 24 2.5
25 239 2.5
245 71 2.5
5 235 2.5
163 141 2.5
170 1 2.5
6 499 2.5
20 156 2.5
419 25 2.5
156 158 2.5
221 152 2.5
20 86 2.5
186 66 2.5
65 22 2.5
115 172 2.5
245 67 2.5
143 25 2.5
51 42 2.5
418 76 2.5
128 19 2.5
500 76 2.5
181 205 2.5
6 86 2.5
1 168 2.5
135 67 2.5
75 67 2.5
149 31 2.5
79 93 2.5
119 1 2.5
198 28 2.5
134 297 2.5
56 77 2.5
418 83 2.5
201 20 2.5
20 23 2.5
1 174 2.5
172 297 2.5
101 157 2.5
15 15 2.5
11 1 2.5
155 421 2.5
217 115 2.5
293 501 2.5
25 79 2.5
11 217 2.5
6 25 2.5
2 5 2.5
95 11 2.5
207 73 2.5
42 107 2.5
31 58 2.5
149 140 2.5
86 21 2.5
89 1 2.5
75 58 2.5
417 142 2.5
20 175 2.5
65 30 2.5
70 163 2.5
84 49 2.5
6 186 2.5
190 6 2.5
22 6 2.5
50 85 2.5
158 20 2.5
245 22 2.5
46 6 2.5
20 104 2.5
128 39 2.5
57 42 2.5
176 15 2.5
127 22 2.5
231 107 2.5
193 16 2.5
1 184 2.5
152 116 2.5
7 1 2.5
42 64 2.5
356 421 2.5
6 96 2.5
167 178 2.5
7 77 2.5
173 78 2.5
79 28 2.5
6 199 2.5
184 64 2.5
22 421 2.5
434 329 2.5
111 88 2.5
11 421 2.5
127 1 2.5
20 18 2.5
100 147 2.5
29 352 2.5
217 48 2.5
2 173 2.5
100 174 2.5
49 178 2.5
184 22 2.5
80 106 2.5
162 75 2.5
176 142 2.5
263 181 2.5
97 8 2.5
42 29 2.5
112 74 2.5
107 100 2.5
20 34 2.5
34 184 2.5
177 418 2.5
201 78 2.5
7 385 2.5
385 58 2.5
165 25 2.5
53 128 2.5
20 156 2.5
22 98 2.5
28 196 2.5
94 110 2.5
107 42 2.5
64 177 2.5
166 48 2.5
8 49 2.5
19 1 2.5
48 133 2.5
21 84 2.5
7 126 2.5
112 24 2.5
131 285 2.5
117 155 2.5
21 122 2.5
415 166 2.5
93 4 2.5
173 71 2.5
23 40 2.5
235 155 2.5
86 49 2.5
242 308 2.5
116 235 2.5
156 27 2.5
141 36 2.5
21 94 2.5
161 30 2.5
297 94 2.5
145 25 2.5
385 256 2.5
7 297 2.5
29 72 2.5
187 19 2.5
1 152 2.5
42 11 2.5
196 68 2.5
19 418 2.5
385 60 2.5
24 71 2.5
100 190 2.5
86 96 2.5
60 31 2.5
81 93 2.5
36 20 2.5
88 43 2.5
415 57 2.5
6 49 2.5
51 22 2.5
107 167 2.5
156 50 2.5
20 297 2.5
31 6 2.5
110 421 2.5
101 84 2.5
120 178 2.5
93 138 2.5
180 145 2.5
129 180 2.5
66 145 2.5
185 130 2.5
107 65 2.5
1 20 2.5
147 20 2.5
73 134 2.5
140 76 2.5
193 419 2.5
115 42 2.5
47 239 2.5
63 57 2.5
185 82 2.5
177 47 2.5
64 104 2.5
47 93 2.5
93 22 2.5
86 156 2.5
280 37 2.5
46 18 2.5
157 20 2.5
73 77 2.5
193 130 2.5
120 1 2.5
78 74 2.5
140 421 2.5
56 127 2.5
1 8 2.5
42 155 2.5
92 60 2.5
39 152 2.5
165 31 2.5
20 231 2.5
76 20 2.5
40 89 2.5
49 62 2.5
165 63 2.5
63 80 2.5
154 47 2.5
3 88 2.5
42 57 2.5
20 128 2.5
166 157 2.5
26 139 2.5
86 103 2.5
42 199 2.5
100 59 2.5
164 139 2.5
180 297 2.5
99 154 2.5
1 175 2.5
161 12 2.5
68 15 2.5
20 5 2.5
29 47 2.5
1 20 2.5
31 41 2.5
161 91 2.5
84 61 2.5
56 49 2.5
90 385 2.5
88 1 2.5
418 20 2.5
416 11 2.5
235 110 2.5
46 83 2.5
159 30 2.5
73 186 2.5
126 1 2.5
20 235 2.5
135 72 2.5
152 20 2.5
20 106 2.5
32 169 2.5
157 89 2.5
155 76 2.5
297 1 2.5
140 42 2.5
6 33 2.5
122 416 2.5
35 84 2.5
12 415 2.5
199 140 2.5
1 418 2.5
23 7 2.5
297 27 2.5
28 175 2.5
62 415 2.5
15 116 2.5
417 76 2.5
22 177 2.5
143 168 2.5
62 21 2.5
385 20 2.5
132 195 2.5
172 16 2.5
51 3 2.5
91 84 2.5
198 72 2.5
26 171 2.5
186 385 2.5
372 312 2.5
174 119 2.5
116 147 2.5
25 49 2.5
213 12 2.5
161 186 2.5
67 147 2.5
189 73 2.5
112 20 2.5
297 419 2.5
139 42 2.5
6 110 2.5
167 42 2.5
77 20 2.5
11 93 2.5
418 142 2.5
130 142 2.5
22 177 2.5
91 193 2.5
86 152 2.5
24 44 2.5
84 129 2.5
47 174 2.5
19 67 2.5
73 19 2.5
64 24 2.5
70 96 2.5
210 134 2.5
20 18 2.5
93 62 2.5
1 8 2.5
78 418 2.5
42 57 2.5
57 502 2.5
70 20 2.5
110 175 2.5
133 3 2.5
117 90 2.5
169 129 2.5
17 245 2.5
119 92 2.5
172 20 2.5
15 43 2.5
101 63 2.5
51 1 2.5
174 41 2.5
143 6 2.5
89 68 2.5
29 42 2.5
463 246 2.5
185 95 2.5
20 25 2.5
165 188 2.5
46 189 2.5
42 117 2.5
57 418 2.5
20 145 2.5
90 1 2.5
20 162 2.5
13 20 2.5
297 20 2.5
2 94 2.5
20 184 2.5
20 235 2.5
117 73 2.5
86 73 2.5
126 85 2.5
167 114 2.5
347 258 2.5
73 11 2.5
152 117 2.5
43 30 2.5
201 111 2.5
9 152 2.5
154 89 2.5
393 221 2.5
1 80 2.5
49 20 2.5
80 36 2.5
235 25 2.5
7 116 2.5
68 103 2.5
92 20 2.5
416 265 2.5
189 43 2.5
180 144 2.5
58 141 2.5
170 1 2.5
20 1 2.5
421 14 2.5
300 6 2.5
245 122 2.5
27 152 2.5
48 22 2.5
265 156 2.5
20 42 2.5
158 62 2.5
86 95 2.5
13 70 2.5
55 5 2.5
3 30 2.5
88 6 2.5
13 172 2.5
96 76 2.5
329 434 2.5
417 173 2.5
99 198 2.5
111 57 2.5
147 55 2.5
165 28 2.5
19 78 2.5
61 158 2.5
211 280 2.5
21 98 2.5
24 79 2.5
211 280 2.5
29 417 2.5
67 117 2.5
147 12 2.5
1 24 2.5
263 434 2.5
86 199 2.5
82 207 2.5
97 297 2.5
15 76 2.5
169 97 2.5
51 1 2.5
107 152 2.5
139 465 2.5
198 421 2.5
245 127 2.5
179 20 2.5
320 64 2.5
6 119 2.5
239 34 2.5
345 273 2.5
29 161 2.5
42 268 2.5
86 201 2.5
19 418 2.5
416 102 2.5
18 20 2.5
92 62 2.5
72 44 2.5
187 135 2.5
58 20 2.5
77 171 2.5
88 128 2.5
72 67 2.5
23 178 2.5
116 385 2.5
17 177 2.5
31 7 2.5
29 31 2.5
1 177 2.5
62 125 2.5
171 20 2.5
19 8 2.5
1 80 2.5
78 297 2.5
21 164 2.5
235 133 2.5
155 92 2.5
159 29 2.5
107 189 2.5
39 101 2.5
67 231 2.5
20 19 2.5
17 46 2.5
65 190 2.5
42 1 2.5
210 79 2.5
156 25 2.5
73 44 2.5
7 158 2.5
78 145 2.5
149 7 2.5
133 87 2.5
169 34 2.5
1 42 2.5
57 80 2.5
162 185 2.5
84 43 2.5
56 80 2.5
20 326 2.5
23 33 2.5
22 77 2.5
76 147 2.5
20 198 2.5
47 85 2.5
19 26 2.5
49 129 2.5
171 177 2.5
180 86 2.5
2 1 2.5
20 210 2.5
118 20 2.5
15 110 2.5
40 166 2.5
59 79 2.5
155 97 2.5
138 20 2.5
152 1 2.5
166 12 2.5
39 157 2.5
1 57 2.5
7 89 2.5
185 162 2.5
86 165 2.5
63 245 2.5
181 434 2.5
11 180 2.5
56 186 2.5
7 44 2.5
121 77 2.5
106 133 2.5
488 503 2.5
99 5 2.5
1 23 2.5
10 6 2.5
1 15 2.5
231 235 2.5
159 74 2.5
105 107 2.5
21 20 2.5
145 140 2.5
418 143 2.5
57 86 2.5
74 22 2.5
20 152 2.5
421 194 2.5
97 81 2.5
13 1 2.5
25 77 2.5
201 1 2.5
1 189 2.5
288 240 2.5
86 26 2.5
116 86 2.5
20 86 2.5
129 172 2.5
25 6 2.5
7 198 2.5
42 20 2.5
57 139 2.5
154 121 2.5
20 67 2.5
16 42 2.5
22 20 2.5
33 385 2.5
20 78 2.5
175 418 2.5
239 188 2.5
168 20 2.5
91 22 2.5
87 50 2.5
189 415 2.5
174 235 2.5
158 46 2.5
97 23 2.5
42 198 2.5
504 301 2.5
22 16 2.5
93 180 2.5
1 228 2.5
170 419 2.5
43 176 2.5
163 101 2.5
145 35 2.5
85 186 2.5
100 42 2.5
6 235 2.5
136 1 2.5
39 30 2.5
456 139 2.5
147 505 2.5
57 31 2.5
416 189 2.5
189 50 2.5
140 40 2.5
490 124 2.5
23 121 2.5
20 20 2.5
83 217 2.5
115 416 2.5
21 201 2.5
73 53 2.5
20 416 2.5
23 1 2.5
229 6 2.5
85 18 2.5
95 15 2.5
347 361 2.5
419 70 2.5
190 5 2.5
95 185 2.5
57 115 2.5
85 25 2.5
36 171 2.5
418 76 2.5
153 139 2.5
96 20 2.5
106 143 2.5
42 198 2.5
238 383 2.5
140 161 2.5
62 1 2.5
1 57 2.5
152 139 2.5
76 200 2.5
2 26 2.5
98 158 2.5
98 418 2.5
116 53 2.5
5 121 2.5
175 20 2.5
176 52 2.5
133 166 2.5
418 19 2.5
56 120 2.5
195 298 2.5
94 128 2.5
20 122 2.5
7 116 2.5
258 191 2.5
210 152 2.5
1 67 2.5
20 144 2.5
180 86 2.5
128 419 2.5
20 176 2.5
176 83 2.5
68 4 2.5
20 22 2.5
40 12 2.5
67 19 2.5
58 245 2.5
7 85 2.5
17 120 2.5
80 419 2.5
43 75 2.5
152 416 2.5
33 418 2.5
9 121 2.5
57 31 2.5
72 20 2.5
25 144 2.5
126 1 2.5
240 434 2.5
6 149 2.5
22 42 2.5
79 94 2.5
93 24 2.5
190 135 2.5
54 107 2.5
15 418 2.5
142 134 2.5
99 185 2.5
190 239 2.5
102 416 2.5
58 90 2.5
231 122 2.5
18 156 2.5
20 228 2.5
7 25 2.5
80 73 2.5
88 73 2.5
176 88 2.5
288 191 2.5
100 171 2.5
16 148 2.5
170 92 2.5
158 170 2.5
189 73 2.5
415 14 2.5
243 152 2.5
129 185 2.5
200 248 2.5
10 142 2.5
42 42 2.5
52 189 2.5
156 364 2.5
130 52 2.5
56 20 2.5
147 22 2.5
145 6 2.5
170 193 2.5
139 20 2.5
117 15 2.5
32 185 2.5
1 13 2.5
84 169 2.5
19 20 2.5
36 90 2.5
143 421 2.5
122 97 2.5
100 5 2.5
1 20 2.5
185 41 2.5
20 176 2.5
169 417 2.5
20 57 2.5
140 85 2.5
196 51 2.5
1 57 2.5
66 1 2.5
9 42 2.5
44 58 2.5
88 28 2.5
152 145 2.5
417 73 2.5
178 73 2.5
61 42 2.5
30 55 2.5
74 102 2.5
415 69 2.5
321 152 2.5
55 42 2.5
88 56 2.5
6 32 2.5
90 18 2.5
79 85 2.5
210 417 2.5
372 170 2.5
20 26 2.5
60 120 2.5
193 15 2.5
157 36 2.5
69 54 2.5
48 187 2.5
107 42 2.5
144 52 2.5
39 2 2.5
22 94 2.5
80 118 2.5
89 19 2.5
60 20 2.5
20 238 2.5
140 190 2.5
235 367 2.5
1 126 2.5
77 20 2.5
120 231 2.5
156 90 2.5
2 415 2.5
1 33 2.5
116 77 2.5
76 372 2.5
28 35 2.5
154 49 2.5
27 68 2.5
1 6 2.5
447 55 2.5
20 100 2.5
42 100 2.5
419 20 2.5
39 10 2.5
100 36 2.5
173 127 2.5
164 57 2.5
44 154 2.5
86 99 2.5
1 88 2.5
73 189 2.5
20 99 2.5
17 421 2.5
80 30 2.5
34 1 2.5
245 28 2.5
152 1 2.5
152 29 2.5
43 3 2.5
245 95 2.5
21 419 2.5
26 66 2.5
27 22 2.5
385 116 2.5
32 138 2.5
1 18 2.5
57 73 2.5
60 156 2.5
1 163 2.5
168 32 2.5
199 42 2.5
93 84 2.5
235 120 2.5
15 1 2.5
179 100 2.5
213 124 2.5
66 41 2.5
240 434 2.5
143 163 2.5
207 101 2.5
141 57 2.5
77 7 2.5
198 187 2.5
1 190 2.5
24 13 2.5
135 166 2.5
6 171 2.5
190 176 2.5
67 158 2.5
13 24 2.5
1 79 2.5
6 20 2.5
29 147 2.5
139 19 2.5
28 62 2.5
7 217 2.5
417 217 2.5
99 52 2.5
217 68 2.5
6 34 2.5
55 415 2.5
102 417 2.5
210 176 2.5
347 94 2.5
20 86 2.5
91 74 2.5
76 74 2.5
26 1 2.5
6 52 2.5
24 418 2.5
31 20 2.5
127 174 2.5
260 28 2.5
41 6 2.5
115 28 2.5
41 49 2.5
151 434 2.5
419 56 2.5
2 61 2.5
184 71 2.5
170 416 2.5
86 416 2.5
158 97 2.5
97 84 2.5
24 92 2.5
195 192 2.5
51 77 2.5
7 176 2.5
28 20 2.5
73 1 2.5
1 133 2.5
156 419 2.5
33 152 2.5
20 63 2.5
50 235 2.5
1 385 2.5
385 177 2.5
51 42 2.5
193 22 2.5
196 1 2.5
20 20 2.5
199 100 2.5
169 164 2.5
56 168 2.5
133 117 2.5
419 52 2.5
112 153 2.5
72 41 2.5
144 97 2.5
92 99 2.5
12 26 2.5
19 42 2.5
20 68 2.5
162 245 2.5
186 168 2.5
78 126 2.5
53 419 2.5
65 23 2.5
42 417 2.5
19 76 2.5
105 19 2.5
385 152 2.5
33 17 2.5
25 93 2.5
42 20 2.5
76 27 2.5
106 115 2.5
152 39 2.5
28 7 2.5
245 133 2.5
245 22 2.5
1 82 2.5
86 158 2.5
30 22 2.5
1 91 2.5
132 195 2.5
76 22 2.5
107 67 2.5
68 69 2.5
172 42 2.5
188 1 2.5
416 20 2.5
57 42 2.5
50 193 2.5
44 416 2.5
6 84 2.5
20 6 2.5
1 31 2.5
86 97 2.5
156 11 2.5
73 141 2.5
193 5 2.5
162 89 2.5
65 24 2.5
178 89 2.5
176 77 2.5
5 42 2.5
164 20 2.5
15 419 2.5
152 385 2.5
189 36 2.5
144 421 2.5
57 265 2.5
4 416 2.5
147 29 2.5
189 80 2.5
18 121 2.5
297 196 2.5
60 44 2.5
66 142 2.5
167 6 2.5
3 210 2.5
67 140 2.5
421 361 2.5
7 1 2.5
419 23 2.5
63 75 2.5
20 25 2.5
1 53 2.5
126 176 2.5
9 81 2.5
84 42 2.5
94 210 2.5
86 42 2.5
116 44 2.5
22 42 2.5
141 239 2.5
22 11 2.5
2 45 2.5
20 106 2.5
421 180 2.5
3 30 2.5
180 20 2.5
156 25 2.5
72 135 2.5
7 86 2.5
236 126 2.5
22 385 2.5
20 385 2.5
70 102 2.5
68 25 2.5
159 187 2.5
65 418 2.5
164 20 2.5
148 95 2.5
148 187 2.5
44 42 2.5
22 31 2.5
385 28 2.5
23 15 2.5
235 24 2.5
416 68 2.5
416 153 2.5
51 11 2.5
24 417 2.5
185 1 2.5
11 36 2.5
76 76 2.5
67 86 2.5
173 57 2.5
417 56 2.5
29 55 2.5
140 256 2.5
44 125 2.5
11 4 2.5
11 188 2.5
28 87 2.5
297 127 2.5
172 297 2.5
180 6 2.5
121 158 2.5
15 152 2.5
64 41 2.5
76 42 2.5
5 103 2.5
19 163 2.5
421 19 2.5
235 25 2.5
100 297 2.5
201 4 2.5
2 1 2.5
245 149 2.5
57 24 2.5
103 158 2.5
169 56 2.5
126 178 2.5
370 370 2.5
97 1 2.5
415 66 2.5
25 1 2.5
2 42 2.5
122 139 2.5
359 42 2.5
19 105 2.5
11 20 2.5
96 133 2.5
28 235 2.5
3 67 2.5
95 22 2.5
152 61 2.5
79 78 2.5
9 98 2.5
64 1 2.5
92 385 2.5
166 42 2.5
82 79 2.5
81 168 2.5
20 77 2.5
175 28 2.5
149 6 2.5
140 416 2.5
121 20 2.5
167 8 2.5
413 33 2.5
26 79 2.5
33 42 2.5
144 57 2.5
184 125 2.5
418 42 2.5
20 143 2.5
136 42 2.5
90 81 2.5
20 416 2.5
59 196 2.5
393 245 2.5
98 188 2.5
86 19 2.5
87 9 2.5
121 177 2.5
139 97 2.5
84 171 2.5
1 84 2.5
56 130 2.5
8 1 2.5
83 22 2.5
323 60 2.5
201 139 2.5
1 144 2.5
30 101 2.5
142 135 2.5
22 19 2.5
126 127 2.5
34 201 2.5
9 118 2.5
193 119 2.5
339 20 2.5
140 20 2.5
293 397 2.5
116 76 2.5
73 297 2.5
71 25 2.5
130 129 2.5
91 6 2.5
168 63 2.5
200 385 2.5
95 167 2.5
184 48 2.5
333 348 2.5
1 187 2.5
57 20 2.5
235 1 2.5
48 46 2.5
80 139 2.5
72 84 2.5
77 145 2.5
36 57 2.5
434 244 2.5
169 24 2.5
173 385 2.5
76 59 2.5
80 157 2.5
56 103 2.5
6 52 2.5
1 28 2.5
20 103 2.5
44 188 2.5
71 76 2.5
17 20 2.5
139 418 2.5
76 69 2.5
1 45 2.5
1 416 2.5
49 185 2.5
416 63 2.5
506 438 2.5
180 145 2.5
30 75 2.5
92 66 2.5
72 42 2.5
85 210 2.5
67 5 2.5
42 63 2.5
243 1 2.5
176 76 2.5
1 173 2.5
20 22 2.5
189 231 2.5
172 42 2.5
32 127 2.5
20 63 2.5
152 340 2.5
43 87 2.5
20 85 2.5
136 89 2.5
56 22 2.5
139 1 2.5
20 190 2.5
34 138 2.5
147 245 2.5
82 107 2.5
142 3 2.5
2 421 2.5
434 258 2.5
180 68 2.5
418 111 2.5
36 57 2.5
42 320 2.5
235 24 2.5
1 111 2.5
43 100 2.5
18 91 2.5
418 167 2.5
116 473 2.5
42 168 2.5
59 42 2.5
7 184 2.5
19 40 2.5
189 134 2.5
152 61 2.5
421 129 2.5
348 152 2.5
12 55 2.5
194 263 2.5
141 21 2.5
78 126 2.5
421 1 2.5
47 170 2.5
174 33 2.5
95 76 2.5
69 297 2.5
4 111 2.5
125 199 2.5
239 42 2.5
76 20 2.5
61 7 2.5
213 140 2.5
21 91 2.5
156 74 2.5
96 65 2.5
22 26 2.5
119 25 2.5
1 421 2.5
185 93 2.5
49 158 2.5
199 27 2.5
285 226 2.5
14 26 2.5
7 23 2.5
421 20 2.5
77 173 2.5
417 107 2.5
193 91 2.5
174 87 2.5
77 57 2.5
231 112 2.5
42 167 2.5
20 188 2.5
170 57 2.5
45 126 2.5
147 87 2.5
1 94 2.5
143 61 2.5
89 42 2.5
1 28 2.5
100 179 2.5
139 239 2.5
1 139 2.5
22 23 2.5
19 117 2.5
49 156 2.5
1 110 2.5
142 2 2.5
26 21 2.5
107 118 2.5
53 41 2.5
20 198 2.5
99 1 2.5
129 26 2.5
1 32 2.5
63 15 2.5
120 190 2.5
1 134 2.5
99 158 2.5
1 196 2.5
189 143 2.5
419 125 2.5
10 72 2.5
4 235 2.5
102 97 2.5
20 42 2.5
235 81 2.5
162 73 2.5
184 139 2.5
398 507 2.5
175 110 2.5
158 79 2.5
36 29 2.5
130 120 2.5
297 76 2.5
11 77 2.5
176 508 2.5
20 135 2.5
98 103 2.5
273 116 2.5
42 143 2.5
136 7 2.5
147 185 2.5
44 69 2.5
22 217 2.5
118 297 2.5
82 155 2.5
231 94 2.5
217 162 2.5
28 6 2.5
417 41 2.5
143 99 2.5
298 259 2.5
