1 2 5
3 4 5
5 6 5
7 8 5
9 10 5
11 12 1
13 14 5
15 16 5
17 18 5
19 1 1
20 19 5
21 22 5
23 3 1
8 24 1
25 26 1
27 28 5
8 29 5
30 31 5
30 32 1
33 34 1
35 36 5
37 28 5
38 12 1
12 39 5
22 40 5
8 41 1
42 38 5
43 44 5
45 33 1
46 47 5
1 19 5
28 48 1
49 50 5
51 52 5
53 22 1
8 54 5
55 56 5
57 28 5
8 58 1
35 15 5
45 59 5
7 54 5
60 28 5
61 62 1
63 64 1
54 13 1
65 66 5
8 26 5
67 68 5
69 70 5
71 28 1
72 73 1
27 74 5
3 50 1
75 43 5
76 56 1
77 78 5
33 79 5
18 80 1
70 60 1
81 82 5
8 83 1
84 85 1
64 86 1
8 77 1
87 41 1
42 17 5
88 89 1
56 50 5
42 13 5
90 19 5
91 92 5
19 72 1
28 87 5
9 54 1
28 60 1
93 9 1
94 95 5
96 97 5
54 28 1
28 56 1
28 39 5
23 28 5
30 33 1
98 39 5
99 100 1
32 101 1
102 103 5
1 104 1
23 70 1
105 8 1
70 106 5
107 47 1
108 102 5
19 109 5
28 9 1
110 16 1
72 111 5
78 31 1
69 100 1
112 9 5
113 114 1
115 31 5
96 116 1
12 117 1
19 17 1
9 28 1
61 118 1
87 3 5
101 28 1
119 120 5
121 54 1
60 100 5
5 101 5
6 91 1
36 22 5
122 55 5
60 77 1
123 124 5
54 125 5
110 8 5
54 44 5
75 126 5
26 19 5
127 128 5
90 80 1
129 39 1
127 130 5
30 8 5
8 12 5
71 131 1
132 45 5
133 47 5
134 28 1
1 31 5
135 118 5
28 7 1
35 19 5
23 8 1
70 136 5
17 67 5
102 118 5
42 95 5
137 13 5
30 71 5
19 21 5
138 139 1
40 8 1
140 8 1
9 141 1
142 7 1
1 51 1
143 144 1
44 145 1
141 146 5
60 147 5
148 149 1
19 150 5
125 103 1
93 151 1
33 9 5
152 80 5
4 32 1
7 23 1
145 153 5
2 73 5
3 4 5
52 135 5
28 31 1
4 90 1
154 69 5
19 100 1
78 42 1
75 8 5
137 78 5
152 93 5
153 27 5
28 28 1
154 13 5
106 70 5
126 133 1
84 85 1
155 120 1
156 157 5
106 158 1
159 160 1
28 161 5
54 96 5
28 13 1
145 43 5
54 131 5
19 11 5
162 17 5
44 163 1
164 11 5
84 8 5
165 166 1
35 94 5
125 159 1
149 60 1
167 60 1
26 47 5
94 54 5
141 94 5
74 22 5
162 69 1
79 148 1
168 133 5
154 85 1
159 98 5
148 42 5
169 110 5
148 104 5
28 102 5
101 72 1
170 13 5
137 39 1
28 9 5
131 82 5
95 163 1
168 171 5
40 11 5
8 172 1
173 8 1
13 168 1
28 5 5
62 174 5
8 131 5
20 137 1
8 8 5
134 148 5
43 122 1
160 57 1
63 175 5
1 56 5
25 5 5
115 110 5
176 125 1
116 102 1
9 8 1
177 28 5
94 91 1
178 28 1
8 98 1
77 6 5
3 28 5
19 54 1
19 179 1
1 103 5
110 93 1
19 151 5
42 145 5
35 57 5
40 180 5
181 79 5
8 60 1
1 140 1
118 8 1
128 26 5
182 146 5
103 9 5
82 28 1
54 84 5
183 171 5
39 104 5
16 121 1
9 128 5
103 169 1
8 122 5
117 64 5
184 113 5
185 154 5
153 159 1
186 105 5
82 185 5
43 1 1
148 62 1
139 59 5
150 1 5
173 54 5
187 98 5
96 4 1
1 188 5
171 91 5
20 60 5
79 81 1
42 12 1
189 190 1
3 135 1
136 191 5
183 39 5
4 8 1
55 133 1
54 8 1
180 192 1
129 167 5
132 136 5
136 19 1
145 54 5
74 85 5
79 54 5
136 193 5
28 8 5
106 148 1
143 26 5
173 163 1
60 110 5
194 38 5
143 38 5
42 22 5
26 28 1
30 60 1
138 134 5
189 195 5
167 51 5
39 41 1
25 14 5
19 46 5
145 28 5
144 38 5
13 196 5
104 106 5
1 153 5
13 13 5
19 69 5
8 147 5
61 103 5
28 9 5
164 28 5
144 60 1
163 130 5
197 175 5
41 11 5
8 16 5
95 198 5
30 82 5
28 199 1
95 28 5
92 4 1
200 158 1
28 94 1
51 54 1
39 1 5
124 169 1
18 146 5
198 8 1
58 87 5
107 54 1
201 54 5
54 125 5
30 193 1
8 116 5
13 9 5
100 31 1
107 164 1
28 4 1
190 38 1
6 30 5
136 17 1
93 69 5
159 170 5
40 202 1
163 9 5
203 72 5
187 140 5
22 54 5
175 154 5
74 60 5
36 7 5
72 142 1
145 204 5
1 205 1
22 19 1
69 43 5
110 13 5
34 8 5
194 43 5
96 81 5
47 28 5
10 131 5
57 132 5
122 79 5
115 206 5
193 61 1
67 95 1
9 170 5
19 104 5
19 42 1
91 125 1
151 54 1
8 1 1
107 207 1
82 204 1
97 28 5
198 14 1
57 33 1
58 160 5
112 144 5
130 28 5
132 43 1
83 121 1
130 12 5
2 202 5
1 68 5
75 8 5
45 128 1
5 83 1
107 8 5
5 127 1
208 110 5
9 28 1
173 135 1
155 65 5
78 173 1
93 130 5
64 70 5
145 28 5
104 79 5
148 101 5
67 141 5
11 5 5
25 144 1
8 8 5
54 110 1
209 2 5
210 211 1
13 101 1
13 9 5
178 125 5
148 19 5
127 173 1
2 98 1
102 2 5
190 97 1
17 126 1
144 136 1
54 177 5
60 60 1
128 153 5
151 212 5
122 132 5
63 75 1
8 81 5
8 69 5
8 3 5
213 190 1
31 185 1
8 13 5
214 75 1
137 38 1
135 4 1
203 163 5
193 30 1
136 185 5
124 60 1
102 131 5
8 193 5
173 28 5
69 127 5
34 16 1
80 60 5
148 126 5
41 149 1
81 54 1
8 215 1
47 57 5
93 56 1
164 189 5
110 28 5
54 4 5
25 152 1
69 147 1
39 51 1
62 43 5
93 54 5
34 56 1
131 162 5
133 86 1
216 217 5
39 34 5
25 195 5
53 141 1
95 28 5
3 28 5
28 100 1
28 30 1
54 64 1
62 39 1
187 69 1
60 39 1
97 146 5
118 24 1
164 124 5
135 2 1
54 8 5
63 8 1
141 10 1
5 72 5
146 133 1
117 146 1
214 54 1
218 185 1
60 32 1
107 52 5
169 77 5
34 77 1
152 133 1
67 87 1
105 211 5
137 28 1
31 213 5
206 127 1
101 175 1
137 207 5
61 95 5
58 64 1
95 60 1
44 112 1
97 18 1
13 28 5
54 13 5
5 20 5
92 63 1
30 69 5
219 30 1
178 97 1
149 55 1
202 28 5
54 109 5
68 118 5
188 193 5
86 31 5
54 22 5
2 12 5
3 8 1
134 13 1
28 95 5
68 101 5
162 128 5
8 106 5
124 124 5
102 54 5
87 136 1
139 127 5
122 53 5
67 150 1
10 94 5
3 62 1
220 221 5
222 188 1
213 136 5
122 8 5
52 116 1
47 28 1
206 81 1
138 30 5
194 49 1
30 108 1
84 104 1
56 45 1
223 31 5
213 121 5
8 68 5
79 102 1
32 42 1
183 202 1
171 44 5
46 84 5
202 218 5
52 53 5
54 35 5
86 169 5
86 121 1
100 146 1
60 61 1
16 185 5
135 64 5
40 8 5
143 146 1
55 151 5
1 63 1
137 140 5
175 93 5
191 224 5
122 181 1
136 125 1
75 40 1
207 77 1
30 69 5
185 139 5
22 19 5
117 225 1
125 136 1
158 173 5
28 203 5
42 202 5
38 69 1
69 6 1
116 109 1
226 54 5
206 28 5
3 28 1
121 3 5
28 97 5
68 76 1
28 18 5
19 75 1
167 76 5
82 64 1
54 110 5
54 112 5
3 51 5
207 138 5
54 84 5
54 135 5
82 19 1
112 35 5
52 54 1
42 125 1
198 2 1
129 106 5
175 169 5
56 213 1
183 116 1
13 200 5
116 71 5
27 92 1
167 28 1
56 215 1
109 72 1
171 222 5
12 92 5
117 33 1
90 152 5
227 29 5
136 40 1
228 124 1
30 81 5
101 160 1
131 73 5
229 28 5
82 149 5
215 60 5
75 230 1
103 28 1
91 24 5
169 8 1
218 11 1
8 2 1
81 54 1
136 231 5
8 82 1
54 232 5
13 59 5
103 28 5
12 202 1
172 106 1
231 233 1
69 8 1
168 124 5
42 8 1
44 94 5
76 54 5
130 4 5
164 215 5
28 28 1
134 234 5
79 100 1
20 118 1
30 9 1
173 152 5
129 113 1
235 8 5
40 154 1
85 11 1
168 62 5
183 195 5
124 147 1
162 106 5
27 36 1
22 1 5
152 8 5
67 94 1
3 169 5
54 226 5
104 236 1
8 145 1
16 55 1
35 77 5
131 101 5
8 203 5
133 104 1
49 162 1
50 193 5
140 115 5
8 153 5
159 106 1
130 137 1
132 145 5
156 237 5
28 71 5
200 28 5
127 38 1
2 127 5
19 75 5
6 194 1
113 29 1
57 100 1
39 2 1
83 58 1
110 160 5
144 28 5
54 50 5
106 162 5
28 47 5
153 91 1
136 8 1
28 19 5
187 147 5
188 34 1
30 28 1
238 227 1
69 28 5
125 19 1
139 226 1
239 23 5
163 91 1
8 28 5
70 19 5
54 153 5
2 60 5
25 3 5
93 1 5
2 240 5
28 1 5
58 115 1
28 148 1
241 8 1
54 3 1
86 87 5
52 16 5
137 8 5
19 19 5
8 76 1
162 87 1
32 193 5
214 22 5
127 60 1
75 8 5
28 213 1
153 49 5
13 138 1
226 143 5
76 213 5
169 41 5
136 150 1
187 115 1
69 204 5
54 19 1
214 5 5
75 39 5
134 22 5
125 9 1
13 51 1
11 67 1
8 242 5
8 28 5
103 171 1
79 8 1
83 152 1
94 124 1
54 27 1
28 81 5
19 83 1
60 243 5
175 162 1
93 49 1
68 130 5
244 245 1
42 46 5
9 163 5
59 92 5
61 162 5
8 52 1
28 203 1
140 16 1
199 30 5
1 28 1
144 25 5
154 8 5
131 193 1
11 54 5
114 66 5
54 194 1
136 86 1
20 30 1
193 40 5
54 134 5
28 40 5
246 63 5
39 1 1
218 28 1
139 3 5
77 28 1
55 174 5
193 13 1
174 19 1
95 247 5
19 7 1
119 248 5
137 27 5
8 154 5
79 71 5
20 18 1
145 35 5
28 249 1
141 56 1
31 147 5
86 204 1
7 107 1
250 30 5
83 54 1
170 58 5
136 175 5
8 68 5
75 28 1
251 252 5
8 26 5
22 164 1
104 8 5
253 2 5
30 49 1
254 14 1
133 72 5
56 121 1
54 139 1
173 118 1
19 97 5
70 60 5
7 19 1
19 9 5
136 9 1
28 9 5
100 197 1
145 59 5
28 137 1
127 121 5
44 39 5
175 149 1
214 106 1
162 82 1
255 256 1
74 204 5
126 136 1
188 60 5
8 36 5
137 20 5
74 32 5
84 90 1
257 258 1
59 3 1
28 215 5
218 117 5
86 69 1
185 190 1
84 2 5
124 60 1
259 16 5
183 149 1
169 100 1
50 49 5
202 147 5
173 136 5
3 30 5
28 40 5
260 21 5
126 203 1
182 167 5
137 68 1
261 248 1
83 25 5
73 136 1
1 213 1
70 154 5
8 50 1
106 54 5
107 11 5
148 30 5
125 8 5
167 183 1
82 28 5
159 151 1
134 64 5
136 54 1
75 2 1
53 164 5
19 207 5
141 135 5
164 132 1
43 23 1
100 125 5
27 135 1
214 27 1
64 30 1
148 117 1
183 81 1
262 263 1
93 141 5
19 13 5
94 82 5
175 148 1
3 75 1
11 35 1
85 138 5
19 160 5
193 47 1
115 18 5
34 8 5
222 28 5
175 138 1
110 94 1
54 54 1
62 68 1
137 51 1
81 148 1
189 5 1
78 25 5
28 133 1
39 73 5
178 207 1
44 28 5
28 134 1
178 44 5
126 54 1
8 8 1
70 173 1
139 69 1
9 117 1
28 141 5
254 55 1
103 38 1
84 28 5
82 8 5
101 17 1
8 264 5
5 46 1
8 136 1
18 188 1
139 8 5
8 116 1
51 226 5
143 10 5
104 39 1
103 121 5
54 28 1
119 95 1
81 92 1
152 116 5
106 167 1
35 60 1
94 131 1
19 55 5
265 114 5
91 2 5
195 26 1
16 54 1
28 185 1
14 218 5
49 149 1
28 30 1
1 206 5
23 1 1
147 36 5
266 219 1
8 136 5
54 73 5
85 127 5
40 115 1
167 108 5
19 16 5
50 44 1
38 140 5
215 147 1
8 3 5
1 137 1
102 182 1
147 75 1
162 203 5
75 53 1
42 125 1
54 267 5
54 60 5
9 197 1
103 38 5
8 147 1
84 108 1
13 170 1
77 33 5
148 60 1
167 215 1
242 268 5
250 269 1
75 162 1
141 3 1
30 228 5
54 16 5
134 39 1
57 45 1
95 9 5
76 159 5
19 28 1
193 46 5
188 40 1
47 19 1
54 97 1
137 133 1
131 60 5
57 28 1
59 136 5
30 63 5
127 8 1
2 136 1
183 60 5
54 67 1
122 102 5
75 104 1
70 54 5
28 52 5
137 136 5
39 32 5
136 270 1
43 8 5
8 271 5
104 8 1
188 28 1
189 2 5
60 107 1
257 30 5
25 8 5
54 202 1
86 38 1
39 109 1
54 202 1
126 54 1
24 13 5
60 39 1
75 28 1
121 182 5
40 68 1
8 71 1
104 272 5
145 117 5
107 222 5
75 68 1
78 57 5
1 30 5
75 30 1
83 116 5
118 8 1
54 154 1
149 54 1
28 48 5
19 154 5
153 121 1
199 9 1
136 207 1
79 139 5
34 213 5
2 107 5
136 197 5
139 44 1
167 64 5
112 170 1
69 28 5
28 9 5
75 10 5
14 77 5
151 273 1
60 171 1
30 8 5
28 188 5
149 150 1
204 190 5
93 162 1
148 264 1
203 187 1
219 104 5
3 52 1
28 54 1
8 1 1
226 8 5
24 8 1
118 136 5
54 84 1
149 197 5
30 204 5
28 168 5
27 60 5
215 103 5
30 80 5
28 137 5
194 134 1
45 168 5
34 22 5
54 129 1
274 125 5
41 78 1
54 167 1
81 135 1
19 275 5
151 117 1
28 1 1
74 8 1
147 49 5
8 101 1
42 54 1
159 136 5
138 62 5
25 54 1
56 148 5
124 226 5
168 167 5
269 2 1
78 75 5
8 106 5
20 128 5
190 54 1
28 124 1
203 62 5
106 136 1
54 8 5
163 8 5
72 164 5
206 110 1
3 49 5
69 13 5
121 106 5
1 276 5
69 151 1
153 112 5
162 8 5
18 204 1
9 94 5
9 143 5
68 148 5
45 171 1
74 28 5
93 117 5
115 26 1
70 72 1
198 222 5
8 106 5
90 204 1
182 84 5
28 103 5
8 136 5
158 73 1
54 79 5
110 129 5
9 8 5
82 146 1
26 86 1
19 202 5
8 159 1
277 251 1
141 28 1
200 177 5
96 84 5
127 101 1
26 9 5
28 28 5
69 94 1
252 278 5
28 54 1
173 50 1
110 101 5
139 136 5
19 147 5
120 279 5
158 133 1
55 146 5
19 54 1
137 8 5
280 30 5
8 30 1
132 28 1
67 160 5
202 226 1
136 100 5
69 182 5
57 194 1
30 19 5
190 131 1
69 203 5
1 254 5
58 8 1
121 60 1
122 42 5
126 1 1
193 194 5
42 162 1
121 108 5
8 121 5
8 42 5
140 8 1
30 54 5
214 3 5
110 275 1
106 281 1
198 8 5
152 75 1
46 132 1
25 80 5
26 24 1
136 30 1
3 132 1
82 96 5
79 218 5
19 82 1
100 199 1
203 60 1
8 163 1
282 283 5
39 69 5
63 77 5
51 128 1
22 84 1
136 100 5
16 54 5
12 39 5
117 28 5
38 92 1
130 106 1
227 261 1
28 188 5
79 19 5
8 19 1
171 112 1
28 46 1
181 162 5
62 1 5
96 254 5
40 60 1
126 24 5
78 80 5
129 2 1
26 177 1
139 79 5
28 141 5
25 54 1
254 90 5
86 28 5
3 10 5
69 104 5
49 19 5
252 113 5
3 82 5
219 245 5
118 117 5
8 43 5
162 138 5
8 53 1
110 1 1
110 198 5
8 154 5
43 45 5
188 22 1
145 137 5
73 8 1
51 197 1
33 1 5
125 112 1
136 42 5
23 162 1
121 36 5
189 8 5
50 8 1
173 42 5
8 137 1
214 26 5
121 61 5
171 108 1
202 78 1
148 75 5
54 70 1
152 188 5
28 18 1
54 262 1
284 26 5
25 10 1
175 68 1
41 151 5
170 33 5
28 218 5
133 126 1
159 22 1
86 82 1
285 75 5
121 198 5
19 30 5
117 143 1
222 163 5
25 94 1
28 200 1
5 63 5
8 39 1
195 8 1
240 136 1
84 218 1
24 74 5
147 118 1
80 185 1
1 67 5
1 54 1
54 6 5
28 12 5
214 169 1
8 187 1
57 2 5
12 199 1
188 12 1
45 254 1
122 225 1
207 77 5
125 28 1
173 58 5
8 9 1
96 5 1
134 194 1
137 118 5
286 215 5
214 125 5
287 136 5
94 28 5
60 28 1
28 169 1
187 288 5
57 135 5
222 98 1
28 54 1
86 222 5
147 203 1
188 226 5
63 61 1
175 91 1
198 124 5
28 124 1
132 151 1
1 28 5
7 98 1
3 1 1
72 145 5
110 132 1
167 8 5
7 195 5
289 8 5
177 127 1
171 183 1
290 240 1
126 44 1
76 42 1
93 19 1
17 12 1
8 1 1
30 148 1
30 5 5
125 116 5
19 214 5
24 10 1
25 152 5
85 28 5
82 42 1
50 43 1
39 202 5
80 11 1
253 7 5
171 168 5
115 15 5
8 102 5
1 149 5
97 173 5
277 119 1
46 30 1
17 122 5
291 21 5
148 190 1
91 70 1
5 80 5
202 69 1
125 147 1
87 8 1
150 8 5
28 222 5
187 154 1
9 8 5
44 28 1
26 90 1
62 225 5
54 159 5
100 80 5
194 83 1
128 82 5
78 104 1
144 8 5
194 187 1
159 58 1
3 69 1
13 54 5
148 203 5
204 97 5
82 138 1
28 4 1
16 1 5
54 292 1
92 95 1
27 107 1
118 187 5
97 169 5
143 54 1
69 57 5
25 136 1
133 85 1
49 8 5
16 190 5
30 151 5
8 8 5
21 136 1
63 178 1
19 83 5
28 121 5
143 138 5
56 143 1
5 44 1
51 106 5
21 54 5
13 70 1
104 193 1
28 98 1
62 24 1
8 206 1
132 100 1
200 16 5
28 101 1
146 127 5
94 148 5
23 49 1
100 82 1
269 8 5
31 1 1
30 98 5
8 60 5
8 134 1
54 100 5
54 189 5
68 28 5
136 42 5
8 30 5
28 169 5
85 116 1
54 76 5
118 60 1
1 28 5
138 73 1
169 174 5
218 1 5
293 9 5
34 76 5
91 8 5
50 125 1
136 82 5
23 5 1
294 8 5
136 160 5
23 47 1
2 182 5
1 295 1
182 173 5
136 296 1
54 19 5
118 83 1
1 55 5
203 92 1
106 200 5
51 115 5
126 188 5
181 167 5
151 2 1
50 73 5
140 127 5
60 110 5
28 16 5
115 144 5
133 8 5
187 26 1
28 134 1
11 297 5
115 143 5
168 143 1
124 36 5
206 132 5
78 8 1
115 32 5
2 49 5
117 162 5
27 150 5
169 87 5
165 155 5
61 195 1
39 108 1
28 8 1
180 19 5
3 8 5
298 299 5
106 11 1
162 1 1
34 204 5
50 95 1
8 71 5
106 2 1
52 44 1
200 226 1
45 54 1
1 6 5
28 111 1
41 19 1
78 28 5
116 83 5
8 1 1
125 200 5
8 135 5
26 160 5
136 118 5
85 101 1
17 148 1
115 137 1
90 203 1
45 198 5
16 85 1
167 19 1
195 137 5
94 124 5
53 136 1
69 28 5
188 147 5
201 300 1
17 8 1
9 110 1
150 100 5
150 28 5
247 66 1
222 8 1
128 24 5
54 161 1
10 188 5
30 28 1
162 8 1
279 156 5
169 188 1
22 30 5
44 79 1
145 19 1
26 178 1
62 117 5
30 100 5
8 102 5
42 24 1
174 159 1
8 108 5
9 28 5
96 175 1
86 134 1
67 225 5
9 163 1
212 209 5
96 101 1
26 143 5
136 78 1
26 150 1
8 154 1
59 148 1
28 55 1
71 160 1
225 54 5
14 115 1
181 27 1
8 158 5
177 149 5
44 152 5
3 8 5
118 136 1
301 54 1
46 92 1
203 100 1
19 150 5
107 1 1
1 162 1
106 28 5
153 16 5
69 1 1
28 54 1
194 167 5
69 203 5
43 2 1
104 53 5
106 54 5
54 19 5
54 44 1
54 163 5
13 140 1
215 55 1
206 54 5
62 25 5
97 72 1
177 150 5
277 227 5
28 128 5
175 133 5
38 28 1
63 54 1
141 28 5
101 42 1
30 302 5
159 173 5
11 54 1
28 44 5
85 194 5
179 303 1
152 153 1
53 135 1
304 28 5
60 12 5
12 218 5
74 43 5
7 28 5
42 254 1
151 54 5
150 26 5
199 122 5
67 8 1
185 59 5
104 41 5
8 170 1
42 149 5
16 154 5
28 254 5
92 19 1
1 90 5
121 162 5
24 198 5
59 8 5
150 14 1
8 162 1
52 55 1
139 8 1
28 193 5
8 122 1
54 54 1
100 159 5
305 306 5
226 58 1
143 51 1
104 75 1
90 83 1
70 31 1
251 120 5
72 99 1
26 28 1
5 34 5
4 53 5
128 40 5
110 112 5
261 237 1
28 118 1
307 197 5
141 8 1
132 101 1
213 131 5
308 309 5
7 13 1
215 1 5
106 59 1
44 122 1
30 86 5
54 95 1
110 30 1
132 213 1
111 106 1
60 115 5
60 148 5
67 69 5
55 151 5
128 185 1
42 83 1
148 116 5
197 34 1
206 92 1
141 115 5
53 137 1
122 40 1
118 28 1
138 8 5
138 162 5
116 40 1
144 8 5
122 8 1
108 168 1
1 118 5
177 39 5
54 116 1
162 198 1
42 116 1
207 226 5
27 117 1
310 308 1
83 13 1
80 185 5
160 77 1
8 54 1
225 52 5
28 17 5
130 177 5
148 9 1
101 187 5
9 1 1
90 214 5
82 52 5
202 28 1
151 121 5
183 51 1
39 69 5
8 77 5
8 29 1
188 170 5
54 223 5
106 59 1
153 81 5
54 45 5
225 203 5
1 54 1
136 154 5
28 8 1
175 56 5
8 60 5
60 28 1
19 242 1
126 78 1
108 97 5
162 86 5
8 54 1
139 198 5
140 118 1
28 150 1
81 28 5
8 40 5
12 139 5
144 170 1
194 28 5
54 223 1
127 69 1
145 83 5
2 10 1
91 49 5
311 312 5
60 26 5
143 8 1
69 62 5
11 203 5
313 30 1
71 69 5
44 2 1
43 91 5
16 50 1
167 163 5
28 54 1
36 7 5
11 26 5
71 144 5
136 8 5
136 59 1
19 136 5
8 30 1
26 26 5
110 269 5
8 30 1
314 90 5
141 26 1
93 195 5
124 8 1
8 108 1
153 118 1
9 103 5
64 5 5
78 8 1
175 126 5
5 109 1
98 133 1
148 183 5
148 154 1
185 28 1
97 8 5
124 8 5
207 3 1
115 46 5
154 2 1
41 46 5
194 182 5
5 3 5
15 167 5
79 28 5
136 83 5
193 81 5
157 265 5
109 158 5
173 135 5
108 107 1
8 6 1
158 148 1
19 87 5
59 54 5
28 75 1
185 203 1
74 167 1
204 31 5
170 11 5
61 112 1
60 137 1
87 18 5
53 75 5
148 314 5
98 40 1
1 110 5
30 171 5
42 193 1
150 214 1
17 115 1
15 30 5
2 8 1
315 28 5
9 80 5
150 188 1
129 8 5
28 83 5
82 28 5
149 45 1
98 17 5
8 183 5
222 8 5
8 54 5
13 85 5
177 30 1
225 86 1
28 44 1
104 61 1
43 90 5
143 112 5
104 106 1
104 28 5
316 270 5
7 51 5
54 199 1
69 52 1
136 54 5
11 202 5
97 200 1
16 169 5
94 80 1
215 107 1
7 17 1
139 8 5
20 28 5
8 199 1
195 62 5
28 136 1
28 60 1
141 214 5
76 8 1
21 230 5
59 68 5
317 318 5
12 6 1
5 54 5
133 117 1
178 116 1
167 30 5
8 111 1
126 69 5
133 200 5
153 215 5
218 32 5
116 127 1
148 162 5
148 136 1
14 122 1
1 28 5
145 97 5
319 14 5
28 68 5
54 311 5
54 168 5
219 136 1
8 38 1
92 154 1
124 121 5
77 163 1
64 189 5
102 130 5
195 73 5
81 52 5
159 22 5
69 28 5
102 190 1
189 195 1
33 150 1
286 8 5
28 75 1
73 106 1
35 197 5
8 40 5
28 59 5
54 8 1
82 136 1
30 54 1
129 19 1
77 103 5
57 6 5
53 61 1
79 54 5
28 148 5
182 14 1
133 144 5
67 30 5
54 136 5
3 8 5
147 97 1
320 54 5
162 60 1
175 124 5
144 43 1
226 13 5
55 30 1
54 50 5
158 146 5
129 63 1
1 94 5
204 82 5
13 30 5
75 98 1
131 28 5
19 98 1
175 151 5
179 13 5
2 10 5
8 51 5
5 70 5
140 76 5
195 32 5
51 5 5
136 42 5
41 28 5
30 100 1
117 57 1
104 28 1
10 39 5
125 54 5
28 54 1
62 197 1
247 156 5
154 8 1
85 149 5
112 151 1
119 277 1
1 131 1
163 178 5
54 136 1
69 20 1
170 26 5
80 9 5
8 151 1
30 19 1
20 57 5
215 79 5
8 139 1
77 182 5
204 134 5
77 136 5
60 62 1
127 214 1
8 321 5
53 204 5
106 181 1
54 107 1
76 34 5
8 16 1
214 102 1
139 46 5
54 286 5
254 135 1
147 8 1
206 121 5
8 9 1
